0 0 
55 55 
15 15 
1 8
1 85
1 152
1 196
1 258
1 299
1 352
1 398
1 456
1 517
1 600
1 610
1 663
1 759
1 791
2 28
2 98
2 155
2 186
2 270
2 329
2 348
2 435
2 441
2 537
2 555
2 608
2 714
2 742
2 814
3 42
3 81
3 120
3 188
3 244
3 306
3 339
3 410
3 474
3 541
3 561
3 614
3 706
3 731
3 811
4 40
4 61
4 114
4 203
4 241
4 301
4 372
4 415
4 460
4 523
4 601
4 646
4 669
4 741
4 796
5 16
5 70
5 121
5 211
5 226
5 307
5 345
5 403
5 477
5 531
5 559
5 631
5 678
5 720
5 804
6 9
6 101
6 111
6 199
6 231
6 325
6 364
6 427
6 466
6 511
6 564
6 640
6 688
6 721
6 776
7 53
7 58
7 131
7 170
7 260
7 314
7 368
7 389
7 479
7 505
7 583
7 654
7 683
7 757
7 812
8 44
8 110
8 133
8 176
8 239
8 316
8 332
8 413
8 470
8 514
8 597
8 628
8 680
8 744
8 815
9 43
9 93
9 165
9 212
9 249
9 296
9 351
9 440
9 461
9 550
9 551
9 612
9 697
9 727
9 793
10 2
10 107
10 147
10 172
10 223
10 287
10 380
10 390
10 445
10 538
10 572
10 611
10 704
10 748
10 782
11 14
11 104
11 158
11 182
11 271
11 309
11 340
11 409
11 458
11 501
11 573
11 655
11 682
11 766
11 807
12 27
12 89
12 151
12 179
12 248
12 326
12 346
12 405
12 491
12 504
12 563
12 623
12 686
12 725
12 798
13 49
13 95
13 143
13 206
13 222
13 300
13 355
13 406
13 478
13 519
13 590
13 642
13 667
13 751
13 783
14 19
14 66
14 112
14 187
14 227
14 305
14 341
14 438
14 442
14 502
14 594
14 618
14 673
14 763
14 789
15 51
15 74
15 146
15 171
15 274
15 283
15 344
15 429
15 488
15 497
15 598
15 648
15 698
15 736
15 772
16 18
16 69
16 154
16 202
16 261
16 286
16 347
16 439
16 446
16 547
16 588
16 639
16 661
16 754
16 825
17 50
17 75
17 116
17 168
17 257
17 311
17 331
17 386
17 484
17 508
17 582
17 644
17 702
17 770
17 786
18 37
18 108
18 159
18 220
18 256
18 298
18 362
18 393
18 481
18 544
18 575
18 647
18 711
18 756
18 774
19 25
19 82
19 135
19 195
19 267
19 302
19 342
19 401
19 468
19 545
19 584
19 606
19 665
19 716
19 794
20 36
20 63
20 163
20 191
20 250
20 280
20 353
20 395
20 472
20 499
20 571
20 629
20 679
20 740
20 808
21 29
21 67
21 160
21 200
21 236
21 308
21 361
21 402
21 450
21 518
21 565
21 609
21 675
21 733
21 799
22 12
22 94
22 150
22 181
22 234
22 318
22 336
22 397
22 452
22 549
22 552
22 615
22 713
22 750
22 775
23 52
23 56
23 140
23 219
23 262
23 290
23 356
23 430
23 485
23 500
23 553
23 652
23 700
23 728
23 779
24 30
24 77
24 139
24 184
24 273
24 303
24 358
24 392
24 483
24 521
24 576
24 643
24 687
24 729
24 778
25 34
25 65
25 161
25 194
25 243
25 297
25 363
25 432
25 453
25 522
25 570
25 617
25 684
25 752
25 809
26 4
26 102
26 142
26 166
26 245
26 313
26 373
26 428
26 454
26 539
26 599
26 636
26 701
26 765
26 788
27 7
27 59
27 136
27 213
27 233
27 327
27 337
27 418
27 471
27 512
27 567
27 651
27 693
27 738
27 780
28 39
28 64
28 113
28 167
28 240
28 278
28 385
28 431
28 464
28 546
28 568
28 633
28 677
28 767
28 785
29 46
29 72
29 122
29 173
29 246
29 294
29 374
29 436
29 449
29 516
29 579
29 656
29 664
29 737
29 803
30 17
30 73
30 148
30 183
30 230
30 319
30 335
30 433
30 486
30 526
30 589
30 625
30 709
30 743
30 805
31 22
31 87
31 129
31 180
31 269
31 284
31 333
31 394
31 476
31 503
31 556
31 619
31 676
31 723
31 816
32 45
32 84
32 157
32 204
32 275
32 276
32 334
32 421
32 447
32 496
32 604
32 650
32 694
32 760
32 795
33 47
33 105
33 138
33 216
33 272
33 288
33 365
33 404
33 492
33 540
33 578
33 624
33 666
33 758
33 790
34 48
34 88
34 126
34 198
34 252
34 312
34 379
34 420
34 463
34 515
34 595
34 632
34 668
34 746
34 810
35 3
35 76
35 115
35 218
35 251
35 289
35 338
35 396
35 490
35 525
35 603
35 634
35 689
35 739
35 818
36 24
36 79
36 149
36 207
36 247
36 277
36 376
36 424
36 493
36 542
36 587
36 622
36 715
36 730
36 802
37 11
37 92
37 124
37 189
37 224
37 324
37 354
37 416
37 480
37 510
37 558
37 658
37 671
37 753
37 797
38 13
38 78
38 125
38 208
38 264
38 285
38 381
38 426
38 451
38 530
38 602
38 635
38 695
38 761
38 777
39 23
39 99
39 156
39 190
39 268
39 320
39 375
39 417
39 443
39 513
39 562
39 630
39 692
39 719
39 801
40 21
40 83
40 164
40 201
40 237
40 323
40 357
40 411
40 465
40 532
40 569
40 621
40 685
40 722
40 784
41 1
41 71
41 153
41 178
41 232
41 293
41 367
41 408
41 469
41 506
41 586
41 607
41 705
41 732
41 806
42 33
42 96
42 130
42 185
42 242
42 310
42 359
42 437
42 455
42 534
42 580
42 616
42 699
42 734
42 821
43 26
43 103
43 134
43 215
43 254
43 279
43 371
43 434
43 444
43 543
43 592
43 641
43 690
43 717
43 800
44 35
44 62
44 128
44 209
44 259
44 281
44 384
44 414
44 487
44 507
44 591
44 637
44 670
44 768
44 820
45 10
45 90
45 118
45 217
45 235
45 292
45 377
45 407
45 482
45 548
45 585
45 645
45 710
45 749
45 819
46 6
46 60
46 144
46 210
46 253
46 295
46 369
46 425
46 457
46 498
46 577
46 660
46 708
46 745
46 822
47 54
47 57
47 123
47 169
47 255
47 315
47 370
47 400
47 495
47 524
47 596
47 613
47 691
47 764
47 781
48 41
48 86
48 132
48 193
48 263
48 328
48 349
48 399
48 462
48 520
48 593
48 638
48 681
48 724
48 817
49 31
49 109
49 119
49 174
49 238
49 330
49 383
49 423
49 448
49 527
49 560
49 627
49 707
49 735
49 823
50 38
50 80
50 137
50 205
50 266
50 317
50 382
50 388
50 459
50 528
50 557
50 657
50 703
50 755
50 792
51 32
51 106
51 117
51 214
51 229
51 282
51 360
51 419
51 467
51 529
51 605
51 626
51 696
51 762
51 813
52 5
52 100
52 127
52 192
52 228
52 291
52 343
52 412
52 489
52 536
52 554
52 659
52 712
52 718
52 824
53 20
53 91
53 141
53 197
53 225
53 304
53 378
53 387
53 494
53 535
53 581
53 649
53 662
53 747
53 771
54 55
54 68
54 145
54 177
54 221
54 321
54 350
54 422
54 473
54 509
54 566
54 653
54 672
54 726
54 773
55 15
55 97
55 162
55 175
55 265
55 322
55 366
55 391
55 475
55 533
55 574
55 620
55 674
55 769
55 787
1 826
1 903
1 982
1 1002
1 1090
1 1103
1 1186
1 1265
1 1278
1 1365
1 1400
1 1469
1 1486
1 1579
1 1610
2 861
2 933
2 939
2 992
2 1085
2 1149
2 1199
2 1249
2 1287
2 1352
2 1385
2 1449
2 1500
2 1595
2 1649
3 879
3 905
3 962
3 1031
3 1065
3 1134
3 1200
3 1221
3 1304
3 1342
3 1383
3 1481
3 1523
3 1552
3 1618
4 833
4 931
4 990
4 1000
4 1057
4 1104
4 1206
4 1239
4 1279
4 1358
4 1393
4 1454
4 1498
4 1586
4 1624
5 877
5 918
5 959
5 1004
5 1096
5 1121
5 1168
5 1262
5 1283
5 1367
5 1428
5 1455
5 1525
5 1546
5 1615
6 845
6 881
6 951
6 1008
6 1064
6 1130
6 1176
6 1223
6 1297
6 1363
6 1390
6 1433
6 1497
6 1569
6 1631
7 862
7 891
7 983
7 1001
7 1100
7 1145
7 1197
7 1224
7 1277
7 1362
7 1407
7 1477
7 1518
7 1568
7 1638
8 865
8 926
8 964
8 994
8 1055
8 1151
8 1184
8 1259
8 1317
8 1332
8 1386
8 1440
8 1491
8 1570
8 1596
9 835
9 897
9 969
9 1017
9 1068
9 1131
9 1182
9 1248
9 1309
9 1321
9 1417
9 1438
9 1520
9 1590
9 1613
10 857
10 922
10 961
10 1038
10 1050
10 1102
10 1178
10 1254
10 1276
10 1350
10 1408
10 1459
10 1531
10 1576
10 1632
11 872
11 893
11 936
11 1027
11 1092
11 1155
11 1187
11 1257
11 1300
11 1343
11 1420
11 1435
11 1533
11 1583
11 1597
12 856
12 919
12 981
12 991
12 1059
12 1138
12 1183
12 1264
12 1295
12 1323
12 1414
12 1482
12 1517
12 1585
12 1626
13 837
13 928
13 953
13 1011
13 1089
13 1120
13 1192
13 1251
13 1280
13 1364
13 1388
13 1457
13 1496
13 1551
13 1611
14 849
14 910
14 938
14 1025
14 1049
14 1115
14 1165
14 1250
14 1292
14 1337
14 1389
14 1467
14 1514
14 1588
14 1636
15 867
15 885
15 952
15 1014
15 1077
15 1152
15 1173
15 1230
15 1270
15 1370
15 1401
15 1453
15 1526
15 1562
15 1604
16 839
16 924
16 960
16 1016
16 1080
16 1111
16 1181
16 1217
16 1299
16 1326
16 1380
16 1476
16 1529
16 1589
16 1646
17 848
17 886
17 977
17 1020
17 1073
17 1114
17 1180
17 1215
17 1310
17 1356
17 1419
17 1484
17 1506
17 1594
17 1643
18 874
18 892
18 979
18 1026
18 1075
18 1146
18 1201
18 1263
18 1281
18 1331
18 1381
18 1465
18 1507
18 1578
18 1614
19 868
19 930
19 945
19 1023
19 1098
19 1135
19 1160
19 1229
19 1294
19 1328
19 1429
19 1439
19 1540
19 1548
19 1616
20 832
20 912
20 956
20 997
20 1060
20 1108
20 1156
20 1247
20 1290
20 1340
20 1382
20 1442
20 1524
20 1581
20 1645
21 858
21 894
21 966
21 1009
21 1091
21 1119
21 1157
21 1231
21 1316
21 1372
21 1377
21 1432
21 1494
21 1553
21 1647
22 859
22 888
22 958
22 993
22 1087
22 1139
22 1161
22 1226
22 1313
22 1336
22 1395
22 1431
22 1490
22 1547
22 1602
23 876
23 890
23 940
23 1042
23 1051
23 1154
23 1188
23 1228
23 1298
23 1329
23 1392
23 1448
23 1511
23 1554
23 1642
24 871
24 896
24 985
24 1040
24 1086
24 1112
24 1203
24 1260
24 1307
24 1335
24 1415
24 1470
24 1534
24 1593
24 1640
25 841
25 935
25 976
25 1018
25 1074
25 1124
25 1167
25 1246
25 1286
25 1344
25 1378
25 1458
25 1538
25 1545
25 1609
26 852
26 923
26 963
26 1029
26 1082
26 1133
26 1163
26 1232
26 1284
26 1375
26 1403
26 1479
26 1488
26 1549
26 1648
27 828
27 916
27 947
27 1035
27 1083
27 1136
27 1209
27 1252
27 1285
27 1334
27 1412
27 1451
27 1527
27 1555
27 1603
28 830
28 920
28 954
28 1005
28 1078
28 1105
28 1162
28 1233
28 1268
28 1333
28 1423
28 1450
28 1505
28 1575
28 1619
29 864
29 889
29 949
29 1036
29 1053
29 1106
29 1198
29 1256
29 1319
29 1371
29 1404
29 1471
29 1495
29 1572
29 1612
30 842
30 927
30 975
30 1043
30 1048
30 1113
30 1194
30 1214
30 1308
30 1338
30 1422
30 1437
30 1489
30 1592
30 1630
31 851
31 914
31 937
31 1028
31 1066
31 1142
31 1196
31 1261
31 1275
31 1359
31 1402
31 1444
31 1530
31 1541
31 1598
32 850
32 911
32 971
32 1045
32 1058
32 1150
32 1172
32 1237
32 1266
32 1346
32 1397
32 1441
32 1512
32 1573
32 1599
33 836
33 925
33 972
33 1015
33 1095
33 1132
33 1205
33 1220
33 1272
33 1368
33 1416
33 1461
33 1537
33 1591
33 1622
34 847
34 899
34 965
34 1041
34 1094
34 1101
34 1204
34 1258
34 1318
34 1373
34 1379
34 1447
34 1516
34 1580
34 1635
35 870
35 932
35 968
35 996
35 1054
35 1123
35 1207
35 1241
35 1267
35 1351
35 1387
35 1475
35 1528
35 1582
35 1644
36 853
36 898
36 978
36 999
36 1046
36 1129
36 1202
36 1219
36 1311
36 1325
36 1424
36 1485
36 1536
36 1558
36 1600
37 875
37 907
37 989
37 1044
37 1076
37 1109
37 1174
37 1236
37 1312
37 1322
37 1384
37 1473
37 1509
37 1560
37 1639
38 854
38 902
38 988
38 1012
38 1079
38 1127
38 1193
38 1253
38 1288
38 1349
38 1406
38 1472
38 1535
38 1574
38 1601
39 846
39 883
39 970
39 1010
39 1056
39 1140
39 1177
39 1212
39 1282
39 1355
39 1410
39 1464
39 1501
39 1543
39 1620
40 860
40 904
40 980
40 1032
40 1084
40 1143
40 1179
40 1218
40 1269
40 1347
40 1413
40 1478
40 1499
40 1567
40 1641
41 855
41 900
41 946
41 1021
41 1099
41 1122
41 1169
41 1227
41 1320
41 1324
41 1399
41 1456
41 1510
41 1561
41 1607
42 831
42 909
42 973
42 1024
42 1097
42 1107
42 1195
42 1225
42 1315
42 1327
42 1430
42 1474
42 1493
42 1564
42 1634
43 844
43 917
43 984
43 1019
43 1052
43 1110
43 1171
43 1255
43 1273
43 1348
43 1425
43 1462
43 1522
43 1584
43 1650
44 869
44 934
44 974
44 1030
44 1071
44 1148
44 1189
44 1238
44 1303
44 1339
44 1396
44 1480
44 1492
44 1556
44 1605
45 866
45 887
45 943
45 1037
45 1063
45 1118
45 1191
45 1222
45 1271
45 1374
45 1405
45 1443
45 1487
45 1542
45 1617
46 843
46 929
46 967
46 995
46 1069
46 1153
46 1166
46 1211
46 1302
46 1366
46 1427
46 1446
46 1519
46 1544
46 1633
47 829
47 901
47 987
47 1006
47 1070
47 1137
47 1210
47 1243
47 1305
47 1341
47 1418
47 1460
47 1521
47 1563
47 1621
48 863
48 895
48 948
48 998
48 1067
48 1141
48 1175
48 1235
48 1293
48 1330
48 1411
48 1434
48 1513
48 1571
48 1637
49 880
49 882
49 950
49 1034
49 1093
49 1144
49 1159
49 1213
49 1301
49 1361
49 1421
49 1436
49 1539
49 1565
49 1628
50 840
50 921
50 941
50 1003
50 1088
50 1117
50 1158
50 1240
50 1291
50 1369
50 1391
50 1466
50 1515
50 1550
50 1606
51 878
51 913
51 986
51 1033
51 1062
51 1125
51 1185
51 1234
51 1306
51 1345
51 1398
51 1452
51 1532
51 1577
51 1623
52 827
52 915
52 944
52 1022
52 1047
52 1126
52 1208
52 1245
52 1274
52 1354
52 1376
52 1483
52 1508
52 1587
52 1629
53 873
53 908
53 955
53 1007
53 1081
53 1116
53 1190
53 1244
53 1296
53 1353
53 1426
53 1445
53 1502
53 1557
53 1625
54 834
54 906
54 957
54 1013
54 1061
54 1147
54 1170
54 1216
54 1289
54 1357
54 1409
54 1463
54 1504
54 1566
54 1608
55 838
55 884
55 942
55 1039
55 1072
55 1128
55 1164
55 1242
55 1314
55 1360
55 1394
55 1468
55 1503
55 1559
55 1627
