0 0 
190 190 
15 15 
1 140
1 310
1 386
1 724
1 824
1 1074
1 1253
1 1434
1 1589
1 1720
1 2049
1 2208
1 2326
1 2566
1 2803
2 139
2 302
2 479
2 616
2 942
2 1136
2 1301
2 1519
2 1604
2 1896
2 1976
2 2202
2 2411
2 2575
2 2821
3 31
3 342
3 537
3 725
3 908
3 1117
3 1177
3 1439
3 1677
3 1792
3 1946
3 2224
3 2438
3 2523
3 2762
4 66
4 203
4 409
4 641
4 767
4 1065
4 1227
4 1396
4 1606
4 1823
4 2052
4 2231
4 2299
4 2536
4 2828
5 39
5 219
5 441
5 571
5 827
5 1050
5 1141
5 1357
5 1679
5 1771
5 1968
5 2161
5 2300
5 2551
5 2678
6 114
6 238
6 391
6 590
6 797
6 1063
6 1261
6 1398
6 1631
6 1880
6 2006
6 2269
6 2291
6 2510
6 2672
7 28
7 251
7 443
7 622
7 771
7 986
7 1185
7 1386
7 1651
7 1854
7 1987
7 2234
7 2313
7 2534
7 2785
8 37
8 368
8 460
8 732
8 851
8 969
8 1274
8 1486
8 1654
8 1804
8 2012
8 2280
8 2350
8 2548
8 2728
9 183
9 254
9 552
9 627
9 853
9 1018
9 1178
9 1432
9 1533
9 1842
9 2065
9 2160
9 2398
9 2589
9 2840
10 1
10 379
10 545
10 610
10 890
10 1041
10 1234
10 1448
10 1652
10 1743
10 1944
10 2108
10 2419
10 2497
10 2756
11 58
11 217
11 504
11 739
11 770
11 1020
11 1183
11 1428
11 1643
11 1752
11 2029
11 2275
11 2385
11 2654
11 2711
12 25
12 375
12 480
12 669
12 852
12 1067
12 1259
12 1516
12 1611
12 1749
12 1970
12 2167
12 2453
12 2637
12 2671
13 27
13 255
13 451
13 754
13 831
13 1069
13 1249
13 1354
13 1570
13 1744
13 1928
13 2247
13 2403
13 2650
13 2741
14 117
14 380
14 449
14 681
14 922
14 1079
14 1290
14 1331
14 1608
14 1722
14 1913
14 2180
14 2325
14 2473
14 2723
15 169
15 324
15 499
15 727
15 769
15 1057
15 1327
15 1362
15 1599
15 1780
15 2021
15 2139
15 2420
15 2542
15 2702
16 53
16 315
16 484
16 631
16 876
16 1011
16 1329
16 1514
16 1665
16 1862
16 2088
16 2221
16 2391
16 2639
16 2817
17 135
17 192
17 483
17 746
17 868
17 1097
17 1260
17 1360
17 1696
17 1782
17 2074
17 2105
17 2356
17 2651
17 2838
18 46
18 323
18 415
18 747
18 938
18 1036
18 1182
18 1404
18 1549
18 1856
18 1917
18 2153
18 2443
18 2506
18 2829
19 98
19 325
19 546
19 685
19 896
19 981
19 1310
19 1451
19 1609
19 1834
19 1975
19 2109
19 2288
19 2603
19 2801
20 126
20 347
20 469
20 626
20 947
20 1103
20 1211
20 1349
20 1574
20 1736
20 1988
20 2225
20 2329
20 2500
20 2768
21 174
21 353
21 385
21 710
21 946
21 987
21 1152
21 1413
21 1535
21 1833
21 1908
21 2276
21 2464
21 2652
21 2731
22 88
22 378
22 448
22 715
22 781
22 960
22 1213
22 1364
22 1591
22 1873
22 1927
22 2267
22 2302
22 2520
22 2666
23 120
23 210
23 541
23 683
23 809
23 1072
23 1223
23 1476
23 1553
23 1734
23 1912
23 2104
23 2334
23 2496
23 2773
24 11
24 261
24 493
24 595
24 807
24 1034
24 1175
24 1509
24 1672
24 1864
24 2053
24 2271
24 2469
24 2515
24 2729
25 41
25 352
25 527
25 691
25 878
25 967
25 1243
25 1435
25 1617
25 1876
25 2071
25 2154
25 2401
25 2616
25 2812
26 91
26 309
26 534
26 651
26 761
26 1118
26 1199
26 1459
26 1601
26 1812
26 1930
26 2149
26 2283
26 2481
26 2755
27 67
27 248
27 556
27 720
27 903
27 1056
27 1325
27 1437
27 1639
27 1778
27 2068
27 2095
27 2466
27 2583
27 2813
28 119
28 301
28 381
28 629
28 867
28 988
28 1217
28 1501
28 1594
28 1845
28 1995
28 2186
28 2463
28 2596
28 2662
29 103
29 362
29 482
29 578
29 871
29 954
29 1155
29 1489
29 1561
29 1872
29 1902
29 2278
29 2447
29 2633
29 2674
30 106
30 365
30 560
30 707
30 935
30 1091
30 1277
30 1340
30 1600
30 1850
30 2032
30 2197
30 2429
30 2647
30 2733
31 129
31 233
31 516
31 620
31 884
31 1098
31 1231
31 1438
31 1554
31 1763
31 1901
31 2181
31 2387
31 2539
31 2730
32 18
32 340
32 408
32 655
32 784
32 980
32 1265
32 1441
32 1701
32 1843
32 2000
32 2211
32 2328
32 2643
32 2682
33 82
33 262
33 517
33 734
33 914
33 1027
33 1172
33 1490
33 1702
33 1813
33 1941
33 2102
33 2415
33 2554
33 2832
34 152
34 313
34 521
34 687
34 839
34 1130
34 1283
34 1366
34 1700
34 1808
34 1986
34 2165
34 2366
34 2528
34 2706
35 125
35 230
35 466
35 575
35 837
35 1139
35 1254
35 1450
35 1593
35 1879
35 2066
35 2205
35 2367
35 2657
35 2783
36 159
36 297
36 383
36 708
36 860
36 1070
36 1206
36 1383
36 1655
36 1820
36 1954
36 2141
36 2315
36 2607
36 2744
37 121
37 333
37 535
37 706
37 906
37 1001
37 1169
37 1382
37 1595
37 1891
37 2047
37 2210
37 2332
37 2636
37 2818
38 8
38 332
38 433
38 711
38 773
38 1045
38 1247
38 1395
38 1587
38 1724
38 2022
38 2254
38 2423
38 2602
38 2687
39 44
39 272
39 495
39 730
39 811
39 1004
39 1322
39 1379
39 1695
39 1761
39 2039
39 2117
39 2450
39 2590
39 2684
40 184
40 274
40 568
40 743
40 780
40 951
40 1297
40 1348
40 1707
40 1711
40 2041
40 2091
40 2345
40 2642
40 2664
41 115
41 316
41 491
41 657
41 776
41 1116
41 1164
41 1415
41 1559
41 1863
41 2033
41 2189
41 2402
41 2573
41 2697
42 189
42 221
42 436
42 709
42 915
42 953
42 1197
42 1447
42 1530
42 1798
42 1931
42 2198
42 2359
42 2600
42 2775
43 16
43 260
43 500
43 760
43 795
43 1024
43 1295
43 1507
43 1532
43 1786
43 1996
43 2257
43 2386
43 2558
43 2802
44 110
44 269
44 465
44 599
44 786
44 1088
44 1159
44 1483
44 1671
44 1715
44 1965
44 2100
44 2378
44 2479
44 2698
45 149
45 275
45 413
45 733
45 917
45 993
45 1162
45 1466
45 1622
45 1728
45 2037
45 2147
45 2416
45 2509
45 2738
46 137
46 265
46 435
46 658
46 875
46 1015
46 1320
46 1337
46 1627
46 1740
46 1952
46 2124
46 2388
46 2517
46 2724
47 175
47 277
47 494
47 614
47 909
47 979
47 1229
47 1508
47 1637
47 1859
47 1925
47 2217
47 2337
47 2594
47 2700
48 153
48 246
48 468
48 686
48 926
48 1032
48 1209
48 1440
48 1546
48 1889
48 1960
48 2145
48 2406
48 2623
48 2757
49 43
49 299
49 454
49 682
49 880
49 1049
49 1242
49 1494
49 1645
49 1773
49 2078
49 2187
49 2292
49 2658
49 2673
50 55
50 290
50 461
50 689
50 879
50 1009
50 1181
50 1378
50 1571
50 1805
50 2034
50 2122
50 2446
50 2471
50 2718
51 73
51 256
51 404
51 592
51 799
51 1122
51 1279
51 1401
51 1689
51 1885
51 2008
51 2238
51 2287
51 2522
51 2839
52 6
52 322
52 463
52 737
52 846
52 990
52 1188
52 1342
52 1560
52 1729
52 1989
52 2135
52 2306
52 2529
52 2772
53 84
53 267
53 395
53 650
53 822
53 1084
53 1148
53 1376
53 1614
53 1748
53 2004
53 2126
53 2297
53 2622
53 2675
54 32
54 278
54 549
54 679
54 931
54 1121
54 1205
54 1408
54 1540
54 1756
54 1966
54 2175
54 2432
54 2504
54 2770
55 83
55 281
55 563
55 751
55 858
55 1107
55 1284
55 1445
55 1618
55 1769
55 2086
55 2173
55 2301
55 2576
55 2774
56 108
56 317
56 388
56 591
56 948
56 1064
56 1192
56 1475
56 1621
56 1807
56 1971
56 2204
56 2421
56 2499
56 2819
57 104
57 283
57 416
57 664
57 772
57 978
57 1214
57 1341
57 1673
57 1785
57 2026
57 2240
57 2468
57 2631
57 2782
58 134
58 374
58 393
58 731
58 934
58 1076
58 1189
58 1350
58 1610
58 1818
58 2057
58 2220
58 2341
58 2609
58 2777
59 7
59 247
59 543
59 700
59 911
59 1110
59 1264
59 1442
59 1562
59 1764
59 2090
59 2127
59 2460
59 2513
59 2751
60 34
60 228
60 536
60 735
60 835
60 1068
60 1308
60 1400
60 1667
60 1849
60 2061
60 2178
60 2410
60 2547
60 2795
61 157
61 224
61 567
61 638
61 929
61 1083
61 1257
61 1393
61 1527
61 1790
61 1973
61 2233
61 2319
61 2483
61 2685
62 21
62 349
62 488
62 597
62 936
62 1005
62 1276
62 1457
62 1586
62 1831
62 2075
62 2268
62 2404
62 2498
62 2727
63 172
63 284
63 430
63 647
63 833
63 1043
63 1298
63 1371
63 1529
63 1855
63 1938
63 2140
63 2439
63 2626
63 2786
64 128
64 220
64 539
64 646
64 898
64 1066
64 1142
64 1479
64 1545
64 1899
64 2020
64 2138
64 2358
64 2584
64 2699
65 150
65 237
65 559
65 717
65 928
65 1077
65 1173
65 1520
65 1626
65 1838
65 1979
65 2230
65 2467
65 2579
65 2759
66 143
66 279
66 427
66 632
66 949
66 1023
66 1286
66 1426
66 1563
66 1877
66 2010
66 2212
66 2445
66 2556
66 2850
67 171
67 193
67 403
67 601
67 825
67 985
67 1219
67 1333
67 1605
67 1768
67 1981
67 2128
67 2339
67 2649
67 2848
68 42
68 295
68 510
68 741
68 919
68 1100
68 1210
68 1504
68 1648
68 1803
68 1949
68 2190
68 2426
68 2653
68 2690
69 49
69 373
69 544
69 702
69 925
69 1008
69 1307
69 1339
69 1528
69 1837
69 2013
69 2261
69 2314
69 2577
69 2816
70 22
70 370
70 423
70 667
70 806
70 962
70 1174
70 1352
70 1575
70 1875
70 1957
70 2110
70 2338
70 2606
70 2719
71 179
71 242
71 400
71 600
71 897
71 1031
71 1238
71 1410
71 1668
71 1796
71 1950
71 2123
71 2412
71 2564
71 2748
72 71
72 361
72 428
72 608
72 829
72 968
72 1220
72 1351
72 1656
72 1742
72 1984
72 2277
72 2459
72 2538
72 2668
73 2
73 358
73 554
73 633
73 849
73 991
73 1318
73 1425
73 1548
73 1897
73 1939
73 2200
73 2354
73 2630
73 2713
74 100
74 293
74 471
74 625
74 864
74 1101
74 1154
74 1336
74 1584
74 1821
74 2055
74 2177
74 2433
74 2490
74 2688
75 3
75 280
75 501
75 755
75 941
75 973
75 1244
75 1443
75 1697
75 1898
75 1935
75 2223
75 2424
75 2619
75 2788
76 36
76 338
76 502
76 609
76 841
76 1099
76 1275
76 1394
76 1682
76 1789
76 2023
76 2255
76 2427
76 2574
76 2747
77 133
77 204
77 421
77 583
77 778
77 1138
77 1328
77 1391
77 1680
77 1721
77 1915
77 2130
77 2346
77 2582
77 2745
78 47
78 194
78 478
78 697
78 800
78 1058
78 1312
78 1332
78 1624
78 1739
78 1977
78 2264
78 2452
78 2495
78 2705
79 109
79 200
79 402
79 579
79 765
79 956
79 1250
79 1515
79 1551
79 1887
79 1997
79 2096
79 2394
79 2605
79 2721
80 30
80 263
80 487
80 573
80 855
80 1105
80 1330
80 1338
80 1620
80 1882
80 2080
80 2156
80 2399
80 2482
80 2686
81 187
81 369
81 464
81 705
81 789
81 1127
81 1225
81 1446
81 1592
81 1713
81 2003
81 2092
81 2430
81 2527
81 2743
82 64
82 213
82 569
82 756
82 921
82 1086
82 1207
82 1420
82 1531
82 1755
82 1955
82 2256
82 2448
82 2492
82 2767
83 26
83 359
83 538
83 572
83 937
83 1035
83 1316
83 1407
83 1557
83 1791
83 2028
83 2213
83 2282
83 2478
83 2679
84 48
84 367
84 564
84 574
84 870
84 1104
84 1272
84 1478
84 1693
84 1828
84 1910
84 2103
84 2333
84 2628
84 2787
85 138
85 288
85 429
85 696
85 944
85 983
85 1196
85 1477
85 1649
85 1822
85 1924
85 2152
85 2349
85 2532
85 2677
86 85
86 327
86 447
86 617
86 848
86 1054
86 1179
86 1462
86 1691
86 1719
86 1929
86 2235
86 2418
86 2621
86 2796
87 13
87 199
87 455
87 605
87 905
87 1093
87 1203
87 1370
87 1642
87 1784
87 1911
87 2262
87 2311
87 2494
87 2695
88 132
88 356
88 548
88 674
88 764
88 1044
88 1296
88 1392
88 1683
88 1718
88 2038
88 2207
88 2327
88 2559
88 2693
89 151
89 292
89 530
89 668
89 943
89 1120
89 1233
89 1353
89 1633
89 1735
89 1947
89 2215
89 2323
89 2578
89 2804
90 97
90 305
90 445
90 603
90 794
90 958
90 1187
90 1456
90 1659
90 1869
90 1992
90 2216
90 2296
90 2597
90 2833
91 102
91 225
91 555
91 637
91 924
91 966
91 1228
91 1380
91 1699
91 1881
91 1921
91 2171
91 2442
91 2634
91 2710
92 72
92 264
92 431
92 662
92 815
92 1112
92 1216
92 1465
92 1625
92 1767
92 2001
92 2192
92 2440
92 2544
92 2789
93 56
93 249
93 440
93 690
93 805
93 1028
93 1292
93 1464
93 1694
93 1860
93 2050
93 2176
93 2348
93 2625
93 2800
94 165
94 215
94 399
94 648
94 881
94 1094
94 1282
94 1492
94 1641
94 1727
94 2054
94 2134
94 2409
94 2640
94 2681
95 17
95 211
95 526
95 703
95 907
95 1125
95 1168
95 1367
95 1602
95 1795
95 1974
95 2148
95 2353
95 2588
95 2670
96 76
96 320
96 398
96 673
96 891
96 982
96 1146
96 1419
96 1681
96 1774
96 2025
96 2184
96 2405
96 2545
96 2798
97 86
97 336
97 389
97 718
97 882
97 952
97 1149
97 1402
97 1566
97 1861
97 1948
97 2169
97 2377
97 2491
97 2811
98 79
98 334
98 522
98 671
98 812
98 1033
98 1271
98 1449
98 1521
98 1871
98 1909
98 2218
98 2434
98 2644
98 2712
99 77
99 282
99 412
99 712
99 883
99 1003
99 1294
99 1427
99 1547
99 1883
99 1914
99 2131
99 2286
99 2627
99 2765
100 112
100 363
100 467
100 680
100 900
100 1002
100 1319
100 1469
100 1613
100 1858
100 1994
100 2185
100 2351
100 2524
100 2720
101 87
101 348
101 513
101 621
101 818
101 1090
101 1255
101 1495
101 1525
101 1816
101 2069
101 2133
101 2382
101 2587
101 2761
102 24
102 287
102 396
102 613
102 813
102 1089
102 1157
102 1387
102 1543
102 1870
102 2064
102 2112
102 2308
102 2593
102 2749
103 10
103 371
103 557
103 699
103 779
103 1053
103 1167
103 1403
103 1638
103 1766
103 2027
103 2166
103 2321
103 2620
103 2793
104 78
104 239
104 497
104 750
104 801
104 1124
104 1252
104 1381
104 1615
104 1809
104 1951
104 2195
104 2343
104 2570
104 2750
105 148
105 346
105 531
105 589
105 844
105 995
105 1166
105 1436
105 1585
105 1793
105 2051
105 2191
105 2470
105 2484
105 2835
106 185
106 235
106 394
106 635
106 792
106 1000
106 1170
106 1461
106 1663
106 1787
106 2009
106 2274
106 2407
106 2516
106 2732
107 19
107 314
107 459
107 644
107 945
107 1046
107 1263
107 1510
107 1630
107 1867
107 1990
107 2266
107 2371
107 2512
107 2717
108 40
108 257
108 558
108 615
108 894
108 1092
108 1156
108 1485
108 1526
108 1733
108 1934
108 2097
108 2396
108 2660
108 2842
109 68
109 241
109 506
109 593
109 850
109 1115
109 1180
109 1503
109 1603
109 1750
109 2087
109 2194
109 2456
109 2567
109 2734
110 161
110 214
110 566
110 663
110 888
110 1113
110 1311
110 1385
110 1632
110 1738
110 2016
110 2163
110 2441
110 2472
110 2825
111 90
111 318
111 518
111 670
111 768
111 1059
111 1195
111 1358
111 1710
111 1825
111 2085
111 2199
111 2331
111 2541
111 2790
112 96
112 240
112 425
112 649
112 854
112 1052
112 1256
112 1373
112 1597
112 1835
112 2011
112 2237
112 2449
112 2477
112 2847
113 154
113 212
113 514
113 660
113 830
113 1040
113 1222
113 1411
113 1572
113 1806
113 2073
113 2227
113 2384
113 2645
113 2814
114 99
114 307
114 498
114 653
114 886
114 963
114 1215
114 1506
114 1661
114 1747
114 1919
114 2157
114 2373
114 2565
114 2780
115 29
115 355
115 562
115 714
115 885
115 1037
115 1161
115 1390
115 1705
115 1753
115 2024
115 2162
115 2364
115 2562
115 2784
116 167
116 335
116 382
116 684
116 874
116 1006
116 1323
116 1455
116 1568
116 1751
116 2076
116 2228
116 2305
116 2563
116 2810
117 35
117 243
117 424
117 758
117 904
117 1051
117 1221
117 1406
117 1684
117 1836
117 1937
117 2206
117 2362
117 2507
117 2689
118 14
118 291
118 515
118 584
118 766
118 997
118 1309
118 1502
118 1635
118 1857
118 2070
118 2116
118 2281
118 2592
118 2836
119 144
119 306
119 528
119 744
119 804
119 989
119 1208
119 1517
119 1704
119 1839
119 2058
119 2229
119 2368
119 2475
119 2837
120 101
120 328
120 511
120 630
120 836
120 975
120 1232
120 1368
120 1646
120 1759
120 1940
120 2273
120 2289
120 2604
120 2704
121 45
121 223
121 550
121 636
121 950
121 1060
121 1268
121 1356
121 1644
121 1741
121 1964
121 2150
121 2335
121 2537
121 2739
122 122
122 196
122 542
122 729
122 895
122 998
122 1193
122 1422
122 1542
122 1827
122 1936
122 2132
122 2392
122 2617
122 2799
123 160
123 296
123 458
123 748
123 819
123 1047
123 1239
123 1344
123 1582
123 1758
123 1958
123 2209
123 2365
123 2586
123 2845
124 93
124 231
124 417
124 576
124 793
124 1081
124 1304
124 1452
124 1536
124 1894
124 1903
124 2129
124 2383
124 2608
124 2694
125 111
125 308
125 473
125 666
125 843
125 970
125 1300
125 1416
125 1588
125 1830
125 1999
125 2182
125 2294
125 2618
125 2846
126 127
126 218
126 406
126 643
126 802
126 1109
126 1230
126 1497
126 1580
126 1723
126 2059
126 2159
126 2454
126 2648
126 2792
127 155
127 343
127 419
127 585
127 798
127 965
127 1305
127 1463
127 1703
127 1760
127 2045
127 2272
127 2375
127 2476
127 2822
128 147
128 354
128 426
128 606
128 817
128 955
128 1171
128 1423
128 1674
128 1866
128 2019
128 2236
128 2307
128 2474
128 2696
129 4
129 331
129 532
129 640
129 866
129 1071
129 1269
129 1433
129 1564
129 1745
129 1916
129 2146
129 2347
129 2624
129 2754
130 33
130 329
130 565
130 701
130 842
130 957
130 1218
130 1444
130 1567
130 1829
130 1959
130 2174
130 2381
130 2629
130 2716
131 23
131 300
131 476
131 675
131 933
131 959
131 1190
131 1421
131 1576
131 1714
131 2067
131 2143
131 2285
131 2553
131 2843
132 80
132 304
132 496
132 692
132 790
132 1039
132 1202
132 1345
132 1583
132 1848
132 1926
132 2248
132 2336
132 2585
132 2805
133 105
133 244
133 524
133 693
133 869
133 1026
133 1153
133 1409
133 1690
133 1817
133 2079
133 2114
133 2422
133 2580
133 2703
134 95
134 268
134 489
134 665
134 782
134 1073
134 1288
134 1405
134 1676
134 1732
134 1923
134 2144
134 2376
134 2521
134 2691
135 166
135 364
135 432
135 676
135 775
135 977
135 1314
135 1488
135 1590
135 1781
135 2077
135 2101
135 2431
135 2487
135 2766
136 173
136 344
136 442
136 594
136 838
136 1019
136 1273
136 1482
136 1653
136 1775
136 2082
136 2243
136 2342
136 2533
136 2701
137 65
137 232
137 410
137 672
137 847
137 1126
137 1278
137 1467
137 1598
137 1762
137 1983
137 2242
137 2310
137 2549
137 2827
138 59
138 351
138 457
138 611
138 791
138 1048
138 1267
138 1511
138 1698
138 1731
138 2081
138 2158
138 2293
138 2518
138 2807
139 156
139 209
139 453
139 749
139 912
139 1007
139 1287
139 1499
139 1579
139 1730
139 2044
139 2251
139 2309
139 2546
139 2737
140 146
140 270
140 444
140 604
140 887
140 999
140 1184
140 1491
140 1537
140 1824
140 1961
140 2094
140 2312
140 2526
140 2820
141 190
141 227
141 505
141 742
141 877
141 1095
141 1280
141 1424
141 1640
141 1811
141 2015
141 2279
141 2428
141 2572
141 2715
142 12
142 350
142 450
142 694
142 832
142 996
142 1285
142 1498
142 1706
142 1874
142 1991
142 2188
142 2290
142 2503
142 2806
143 107
143 208
143 570
143 704
143 892
143 972
143 1317
143 1500
143 1565
143 1712
143 2084
143 2222
143 2298
143 2595
143 2797
144 61
144 205
144 397
144 728
144 828
144 1123
144 1186
144 1355
144 1686
144 1840
144 1918
144 2093
144 2330
144 2530
144 2665
145 142
145 377
145 509
145 612
145 783
145 1075
145 1321
145 1365
145 1556
145 1819
145 2017
145 2115
145 2457
145 2480
145 2844
146 69
146 207
146 420
146 619
146 939
146 1016
146 1151
146 1412
146 1578
146 1776
146 2063
146 2183
146 2393
146 2599
146 2760
147 94
147 197
147 533
147 752
147 910
147 1087
147 1191
147 1470
147 1678
147 1895
147 1962
147 2260
147 2390
147 2552
147 2823
148 52
148 303
148 411
148 587
148 823
148 1106
148 1176
148 1347
148 1523
148 1717
148 2040
148 2263
148 2455
148 2641
148 2661
149 113
149 195
149 520
149 586
149 834
149 1128
149 1306
149 1484
149 1623
149 1800
149 2036
149 2201
149 2408
149 2632
149 2736
150 180
150 341
150 481
150 596
150 940
150 1133
150 1245
150 1473
150 1628
150 1801
150 1980
150 2107
150 2400
150 2557
150 2764
151 92
151 372
151 507
151 642
151 763
151 1140
151 1150
151 1496
151 1550
151 1799
151 2083
151 2252
151 2340
151 2655
151 2725
152 176
152 201
152 405
152 652
152 816
152 971
152 1266
152 1374
152 1647
152 1844
152 1904
152 2245
152 2317
152 2493
152 2752
153 182
153 229
153 401
153 618
153 932
153 1012
153 1235
153 1418
153 1685
153 1746
153 1933
153 2172
153 2414
153 2535
153 2815
154 163
154 253
154 492
154 624
154 865
154 1114
154 1145
154 1334
154 1569
154 1884
154 1920
154 2219
154 2374
154 2635
154 2726
155 131
155 319
155 553
155 722
155 872
155 1096
155 1289
155 1361
155 1687
155 1832
155 2072
155 2121
155 2417
155 2612
155 2824
156 116
156 339
156 418
156 661
156 920
156 1062
156 1204
156 1454
156 1657
156 1765
156 1978
156 2125
156 2360
156 2659
156 2740
157 136
157 366
157 407
157 745
157 916
157 992
157 1143
157 1346
157 1607
157 1777
157 1967
157 2270
157 2370
157 2505
157 2769
158 57
158 202
158 452
158 677
158 788
158 1010
158 1226
158 1359
158 1596
158 1851
158 2005
158 2241
158 2380
158 2638
158 2794
159 188
159 250
159 474
159 588
159 930
159 1030
159 1326
159 1389
159 1552
159 1847
159 1963
159 2170
159 2304
159 2502
159 2826
160 124
160 258
160 462
160 581
160 814
160 1022
160 1251
160 1472
160 1675
160 1900
160 2002
160 2118
160 2352
160 2511
160 2722
161 50
161 321
161 392
161 634
161 803
161 1055
161 1248
161 1429
161 1555
161 1770
161 1905
161 2120
161 2324
161 2519
161 2779
162 164
162 234
162 438
162 688
162 785
162 1042
162 1200
162 1369
162 1581
162 1892
162 1906
162 2258
162 2295
162 2501
162 2841
163 145
163 286
163 503
163 656
163 889
163 1102
163 1246
163 1481
163 1650
163 1726
163 2042
163 2193
163 2379
163 2610
163 2808
164 15
164 271
164 387
164 698
164 762
164 964
164 1212
164 1377
164 1544
164 1757
164 1943
164 2098
164 2444
164 2514
164 2669
165 186
165 252
165 540
165 738
165 913
165 1111
165 1302
165 1363
165 1612
165 1779
165 1998
165 2232
165 2461
165 2569
165 2683
166 181
166 216
166 422
166 628
166 901
166 1013
166 1262
166 1471
166 1658
166 1815
166 1932
166 2196
166 2413
166 2615
166 2746
167 177
167 311
167 475
167 759
167 821
167 1061
167 1224
167 1493
167 1573
167 1754
167 1942
167 2099
167 2363
167 2531
167 2714
168 38
168 294
168 490
168 719
168 820
168 1080
168 1281
168 1505
168 1558
168 1893
168 2060
168 2246
168 2369
168 2485
168 2735
169 130
169 376
169 437
169 598
169 826
169 1134
169 1270
169 1414
169 1634
169 1878
169 2043
169 2179
169 2451
169 2488
169 2849
170 168
170 245
170 434
170 659
170 862
170 1029
170 1241
170 1417
170 1524
170 1853
170 2007
170 2214
170 2435
170 2601
170 2763
171 9
171 285
171 414
171 645
171 777
171 1132
171 1324
171 1343
171 1660
171 1802
171 1945
171 2164
171 2372
171 2591
171 2742
172 51
172 298
172 439
172 582
172 923
172 1025
172 1236
172 1513
172 1539
172 1826
172 1953
172 2253
172 2389
172 2550
172 2791
173 60
173 326
173 561
173 726
173 810
173 1137
173 1160
173 1375
173 1619
173 1888
173 2046
173 2226
173 2318
173 2656
173 2771
174 89
174 222
174 551
174 602
174 840
174 1082
174 1158
174 1399
174 1666
174 1846
174 1956
174 2265
174 2462
174 2489
174 2834
175 54
175 236
175 472
175 757
175 873
175 1085
175 1237
175 1431
175 1708
175 1783
175 2089
175 2111
175 2395
175 2540
175 2709
176 123
176 312
176 525
176 716
176 918
176 984
176 1258
176 1372
176 1577
176 1865
176 2062
176 2119
176 2436
176 2555
176 2708
177 118
177 357
177 456
177 607
177 787
177 1129
177 1293
177 1480
177 1541
177 1890
177 1993
177 2137
177 2316
177 2560
177 2663
178 20
178 266
178 529
178 623
178 893
178 994
178 1144
178 1518
178 1629
178 1810
178 1922
178 2168
178 2355
178 2525
178 2831
179 178
179 289
179 485
179 721
179 808
179 1119
179 1240
179 1335
179 1688
179 1868
179 2048
179 2250
179 2437
179 2611
179 2809
180 81
180 198
180 547
180 639
180 845
180 976
180 1147
180 1474
180 1538
180 1794
180 1972
180 2113
180 2465
180 2571
180 2830
181 141
181 360
181 384
181 753
181 902
181 961
181 1201
181 1458
181 1664
181 1797
181 2031
181 2155
181 2320
181 2581
181 2781
182 70
182 191
182 390
182 577
182 796
182 974
182 1194
182 1388
182 1662
182 1814
182 2056
182 2151
182 2322
182 2486
182 2758
183 5
183 259
183 486
183 695
183 927
183 1021
183 1165
183 1512
183 1534
183 1716
183 2014
183 2142
183 2458
183 2613
183 2667
184 162
184 206
184 446
184 580
184 899
184 1014
184 1291
184 1397
184 1670
184 1772
184 2018
184 2136
184 2361
184 2543
184 2680
185 74
185 273
185 512
185 736
185 856
185 1078
185 1313
185 1453
185 1616
185 1886
185 2035
185 2239
185 2397
185 2508
185 2778
186 63
186 226
186 508
186 678
186 859
186 1017
186 1315
186 1468
186 1709
186 1788
186 1985
186 2203
186 2425
186 2568
186 2776
187 158
187 330
187 477
187 654
187 861
187 1135
187 1299
187 1430
187 1522
187 1841
187 1982
187 2259
187 2303
187 2614
187 2707
188 75
188 345
188 519
188 713
188 774
188 1038
188 1198
188 1384
188 1692
188 1852
188 1907
188 2106
188 2344
188 2646
188 2692
189 62
189 337
189 523
189 740
189 857
189 1131
189 1303
189 1487
189 1636
189 1737
189 1969
189 2249
189 2357
189 2561
189 2753
190 170
190 276
190 470
190 723
190 863
190 1108
190 1163
190 1460
190 1669
190 1725
190 2030
190 2244
190 2284
190 2598
190 2676
1 2876
1 3080
1 3320
1 3446
1 3746
1 3883
1 4010
1 4255
1 4441
1 4657
1 4807
1 5086
1 5270
1 5385
1 5619
2 2852
2 3112
2 3303
2 3507
2 3627
2 3836
2 4085
2 4299
2 4380
2 4571
2 4854
2 5009
2 5267
2 5421
2 5550
3 2858
3 3147
3 3277
3 3606
3 3613
3 3831
3 4019
3 4279
3 4559
3 4711
3 4774
3 5081
3 5238
3 5336
3 5514
4 3014
4 3175
4 3363
4 3490
4 3650
4 3854
4 4136
4 4265
4 4520
4 4624
4 4915
4 5093
4 5215
4 5477
4 5680
5 2979
5 3118
5 3273
5 3473
5 3729
5 3857
5 4093
5 4339
5 4479
5 4634
5 4788
5 5018
5 5316
5 5422
5 5589
6 2874
6 3213
6 3323
6 3540
6 3788
6 3912
6 4052
6 4288
6 4401
6 4632
6 4920
6 4974
6 5214
6 5431
6 5549
7 3024
7 3117
7 3348
7 3587
7 3748
7 3892
7 4159
7 4268
7 4494
7 4609
7 4816
7 5005
7 5236
7 5394
7 5554
8 3023
8 3134
8 3240
8 3421
8 3641
8 3849
8 4071
8 4369
8 4392
8 4586
8 4910
8 5071
8 5157
8 5498
8 5669
9 3021
9 3110
9 3253
9 3524
9 3647
9 3959
9 4169
9 4334
9 4459
9 4598
9 4753
9 5017
9 5216
9 5443
9 5620
10 3003
10 3106
10 3260
10 3589
10 3635
10 3921
10 4126
10 4291
10 4515
10 4688
10 4882
10 5047
10 5291
10 5438
10 5583
11 2952
11 3121
11 3366
11 3425
11 3690
11 3846
11 4035
11 4348
11 4416
11 4563
11 4767
11 4952
11 5225
11 5495
11 5616
12 2871
12 3054
12 3403
12 3548
12 3722
12 3828
12 4108
12 4344
12 4522
12 4643
12 4901
12 5116
12 5273
12 5500
12 5578
13 2944
13 3149
13 3263
13 3527
13 3745
13 3894
13 4069
13 4194
13 4400
13 4610
13 4826
13 5069
13 5201
13 5353
13 5676
14 2998
14 3153
14 3365
14 3484
14 3661
14 3853
14 4179
14 4231
14 4514
14 4607
14 4865
14 5115
14 5188
14 5368
14 5690
15 2897
15 3069
15 3367
15 3552
15 3797
15 3809
15 4124
15 4182
15 4398
15 4716
15 4868
15 5026
15 5228
15 5482
15 5568
16 2958
16 3137
16 3402
16 3566
16 3616
16 3922
16 4095
16 4259
16 4495
16 4695
16 4840
16 5036
16 5233
16 5452
16 5660
17 2976
17 3130
17 3388
17 3512
17 3749
17 3852
17 4066
17 4307
17 4531
17 4568
17 4832
17 4980
17 5311
17 5442
17 5556
18 3004
18 3198
18 3258
18 3609
18 3733
18 3884
18 3996
18 4218
18 4541
18 4620
18 4898
18 5053
18 5146
18 5346
18 5697
19 2936
19 3211
19 3408
19 3562
19 3701
19 3823
19 4025
19 4352
19 4530
19 4750
19 4811
19 5092
19 5258
19 5436
19 5564
20 2962
20 3135
20 3369
20 3578
20 3764
20 3807
20 4012
20 4211
20 4550
20 4669
20 4940
20 4964
20 5239
20 5475
20 5658
21 2991
21 3131
21 3407
21 3471
21 3711
21 3949
21 4001
21 4340
21 4526
21 4691
21 4769
21 4985
21 5200
21 5507
21 5576
22 3011
22 3186
22 3354
22 3504
22 3762
22 3822
22 4009
22 4315
22 4502
22 4671
22 4846
22 5109
22 5231
22 5451
22 5535
23 2984
23 3061
23 3278
23 3547
23 3660
23 3938
23 4142
23 4195
23 4375
23 4573
23 4777
23 5012
23 5186
23 5351
23 5650
24 2918
24 3229
24 3281
24 3445
24 3730
24 3881
24 4155
24 4216
24 4458
24 4705
24 4857
24 4966
24 5172
24 5381
24 5685
25 2891
25 3067
25 3299
25 3477
25 3658
25 3920
25 4131
25 4236
25 4406
25 4589
25 4817
25 5068
25 5227
25 5445
25 5590
26 2913
26 3075
26 3306
26 3542
26 3698
26 3898
26 4137
26 4213
26 4432
26 4727
26 4936
26 5119
26 5319
26 5342
26 5611
27 2886
27 3172
27 3360
27 3469
27 3639
27 3899
27 4007
27 4276
27 4553
27 4700
27 4812
27 5087
27 5176
27 5375
27 5574
28 2950
28 3108
28 3413
28 3593
28 3697
28 3814
28 4065
28 4294
28 4430
28 4562
28 4815
28 5103
28 5143
28 5408
28 5653
29 3009
29 3089
29 3251
29 3533
29 3617
29 3875
29 4150
29 4275
29 4504
29 4608
29 4919
29 5121
29 5269
29 5483
29 5520
30 2985
30 3056
30 3321
30 3434
30 3727
30 3987
30 4016
30 4367
30 4538
30 4697
30 4760
30 5031
30 5136
30 5396
30 5614
31 2994
31 3099
31 3326
31 3567
31 3633
31 3876
31 4006
31 4183
31 4510
31 4604
31 4879
31 5038
31 5168
31 5398
31 5586
32 3020
32 3182
32 3290
32 3586
32 3703
32 3947
32 4043
32 4184
32 4446
32 4628
32 4938
32 5105
32 5220
32 5359
32 5534
33 2851
33 3082
33 3283
33 3428
33 3689
33 3937
33 4105
33 4284
33 4503
33 4666
33 4778
33 5100
33 5282
33 5415
33 5683
34 2989
34 3176
34 3272
34 3456
34 3716
34 3916
34 4174
34 4316
34 4488
34 4703
34 4804
34 5099
34 5232
34 5428
34 5691
35 2929
35 3188
35 3390
35 3544
35 3715
35 3974
35 4140
35 4248
35 4529
35 4685
35 4790
35 5007
35 5297
35 5496
35 5553
36 2910
36 3180
36 3405
36 3454
36 3770
36 3982
36 4077
36 4245
36 4486
36 4583
36 4827
36 5045
36 5170
36 5350
36 5516
37 3038
37 3161
37 3265
37 3554
37 3700
37 3977
37 3998
37 4347
37 4462
37 4713
37 4770
37 5054
37 5131
37 5455
37 5538
38 2974
38 3206
38 3375
38 3529
38 3799
38 3942
38 4013
38 4202
38 4549
38 4675
38 4869
38 5061
38 5257
38 5447
38 5617
39 3028
39 3090
39 3398
39 3499
39 3782
39 3966
39 4143
39 4240
39 4560
39 4561
39 4887
39 5020
39 5208
39 5508
39 5615
40 3037
40 3164
40 3372
40 3440
40 3652
40 3985
40 4014
40 4303
40 4512
40 4686
40 4793
40 5124
40 5210
40 5323
40 5698
41 2911
41 3190
41 3250
41 3549
41 3736
41 3819
41 4062
41 4274
41 4415
41 4719
41 4798
41 5058
41 5195
41 5338
41 5597
42 2903
42 3116
42 3314
42 3450
42 3674
42 3940
42 4046
42 4351
42 4537
42 4576
42 4885
42 5111
42 5306
42 5324
42 5569
43 2986
43 3081
43 3386
43 3592
43 3728
43 3903
43 4113
43 4302
43 4540
43 4693
43 4896
43 5029
43 5174
43 5400
43 5582
44 2872
44 3219
44 3233
44 3520
44 3800
44 3944
44 4087
44 4370
44 4509
44 4651
44 4766
44 5095
44 5162
44 5388
44 5628
45 2943
45 3097
45 3300
45 3583
45 3646
45 3908
45 4056
45 4297
45 4480
45 4658
45 4930
45 4986
45 5252
45 5343
45 5694
46 2878
46 3048
46 3397
46 3519
46 3709
46 3983
46 4072
46 4278
46 4457
46 4692
46 4903
46 5023
46 5254
46 5429
46 5559
47 2937
47 3042
47 3345
47 3604
47 3750
47 3848
47 4160
47 4273
47 4450
47 4740
47 4892
47 5107
47 5262
47 5492
47 5612
48 2939
48 3095
48 3234
48 3581
48 3725
48 3950
48 4151
48 4358
48 4555
48 4618
48 4755
48 5043
48 5134
48 5407
48 5540
49 2879
49 3059
49 3244
49 3597
49 3671
49 3962
49 4079
49 4219
49 4373
49 4575
49 4861
49 5015
49 5184
49 5376
49 5613
50 2893
50 3173
50 3349
50 3518
50 3677
50 3816
50 4164
50 4282
50 4556
50 4599
50 4863
50 5057
50 5275
50 5337
50 5700
51 2973
51 3044
51 3238
51 3558
51 3679
51 3895
51 4033
51 4341
51 4534
51 4749
51 4839
51 4943
51 5260
51 5460
51 5544
52 2924
52 3052
52 3362
52 3455
52 3612
52 3900
52 4103
52 4230
52 4521
52 4723
52 4929
52 5091
52 5315
52 5328
52 5523
53 2968
53 3185
53 3241
53 3585
53 3786
53 3864
53 4018
53 4217
53 4452
53 4646
53 4828
53 5065
53 5280
53 5419
53 5626
54 2908
54 3074
54 3312
54 3575
54 3767
54 3943
54 4146
54 4252
54 4507
54 4733
54 4810
54 5078
54 5256
54 5380
54 5546
55 2940
55 3171
55 3344
55 3443
55 3665
55 3841
55 4145
55 4188
55 4412
55 4743
55 4902
55 5033
55 5261
55 5341
55 5555
56 2961
56 3203
56 3364
56 3596
56 3731
56 3939
56 4152
56 4330
56 4439
56 4570
56 4891
56 4996
56 5303
56 5352
56 5603
57 2959
57 3119
57 3333
57 3517
57 3710
57 3862
57 4015
57 4308
57 4409
57 4745
57 4904
57 4983
57 5140
57 5506
57 5518
58 2921
58 3085
58 3335
58 3435
58 3735
58 3951
58 4129
58 4224
58 4491
58 4616
58 4776
58 5025
58 5286
58 5411
58 5543
59 2902
59 3109
59 3282
59 3546
59 3771
59 3971
59 4039
59 4336
59 4425
59 4588
59 4797
59 5032
59 5243
59 5509
59 5661
60 2935
60 3217
60 3315
60 3495
60 3778
60 3830
60 4084
60 4325
60 4558
60 4594
60 4821
60 5074
60 5183
60 5355
60 5696
61 2888
61 3179
61 3318
61 3424
61 3760
61 3827
61 4083
61 4368
61 4424
61 4694
61 4890
61 4968
61 5144
61 5326
61 5533
62 2857
62 3129
62 3409
62 3509
62 3622
62 3935
62 4088
62 4189
62 4472
62 4603
62 4775
62 5125
62 5135
62 5325
62 5647
63 2964
63 3128
63 3383
63 3423
63 3795
63 3855
63 4027
63 4349
63 4467
63 4663
63 4909
63 5122
63 5221
63 5409
63 5645
64 2953
64 3100
64 3415
64 3479
64 3781
64 3948
64 4055
64 4328
64 4390
64 4701
64 4926
64 5022
64 5289
64 5501
64 5588
65 2996
65 3170
65 3316
65 3590
65 3670
65 3851
65 3995
65 4335
65 4388
65 4707
65 4872
65 4989
65 5242
65 5395
65 5521
66 2999
66 3050
66 3382
66 3556
66 3792
66 3886
66 4107
66 4185
66 4490
66 4579
66 4937
66 5073
66 5281
66 5488
66 5644
67 3026
67 3200
67 3330
67 3516
67 3779
67 3931
67 3992
67 4298
67 4445
67 4735
67 4763
67 5010
67 5180
67 5418
67 5646
68 2869
68 3087
68 3358
68 3550
68 3673
68 3923
68 4078
68 4286
68 4470
68 4730
68 4779
68 4976
68 5230
68 5420
68 5511
69 2870
69 3165
69 3280
69 3493
69 3751
69 3825
69 4021
69 4287
69 4442
69 4702
69 4851
69 5052
69 5247
69 5369
69 5601
70 2860
70 3140
70 3361
70 3501
70 3624
70 3914
70 4036
70 4337
70 4417
70 4726
70 4805
70 5050
70 5191
70 5356
70 5596
71 2947
71 3051
71 3329
71 3564
71 3684
71 3805
71 4138
71 4220
71 4548
71 4734
71 4924
71 5082
71 5158
71 5472
71 5537
72 2983
72 3204
72 3381
72 3523
72 3776
72 3972
72 4144
72 4250
72 4385
72 4593
72 4795
72 5021
72 5166
72 5345
72 5531
73 3008
73 3088
73 3393
73 3506
73 3794
73 3810
73 4171
73 4269
73 4376
73 4690
73 4932
73 5019
73 5190
73 5406
73 5519
74 3002
74 3143
74 3351
74 3485
74 3611
74 3957
74 4028
74 4333
74 4460
74 4645
74 4830
74 4993
74 5240
74 5322
74 5648
75 2949
75 3138
75 3392
75 3565
75 3655
75 3945
75 4022
75 4239
75 4508
75 4648
75 4855
75 4959
75 5217
75 5410
75 5572
76 3019
76 3107
76 3289
76 3594
76 3747
76 3990
76 4075
76 4327
76 4469
76 4597
76 4843
76 5028
76 5147
76 5480
76 5642
77 2915
77 3187
77 3370
77 3464
77 3758
77 3803
77 4030
77 4283
77 4395
77 4652
77 4908
77 4975
77 5182
77 5433
77 5687
78 3034
78 3049
78 3357
78 3492
78 3659
78 3954
78 4089
78 4331
78 4414
78 4661
78 4813
78 4957
78 5137
78 5331
78 5671
79 2881
79 3193
79 3259
79 3494
79 3643
79 3905
79 4102
79 4300
79 4465
79 4566
79 4859
79 4965
79 5181
79 5360
79 5529
80 2882
80 3148
80 3339
80 3505
80 3772
80 3885
80 4106
80 4186
80 4372
80 4650
80 4786
80 4954
80 5229
80 5383
80 5673
81 3006
81 3191
81 3371
81 3579
81 3756
81 3952
81 3993
81 4280
81 4440
81 4696
81 4878
81 5076
81 5290
81 5493
81 5643
82 2880
82 3212
82 3379
82 3462
82 3693
82 3863
82 4044
82 4244
82 4396
82 4720
82 4853
82 4987
82 5293
82 5486
82 5551
83 2909
83 3194
83 3322
83 3486
83 3739
83 3930
83 4163
83 4361
83 4435
83 4567
83 4773
83 5120
83 5277
83 5416
83 5627
84 2890
84 3071
84 3384
84 3497
84 3628
84 3975
84 4125
84 4212
84 4505
84 4715
84 4831
84 5044
84 5222
84 5453
84 5655
85 2980
85 3192
85 3309
85 3503
85 3664
85 3917
85 4094
85 4251
85 4437
85 4739
85 4916
85 5049
85 5226
85 5389
85 5623
86 2887
86 3058
86 3374
86 3478
86 3642
86 3880
86 4034
86 4227
86 4419
86 4631
86 4771
86 4998
86 5295
86 5476
86 5552
87 2971
87 3136
87 3311
87 3573
87 3702
87 3946
87 4110
87 4221
87 4545
87 4679
87 4756
87 5085
87 5206
87 5481
87 5605
88 2927
88 3144
88 3347
88 3598
88 3783
88 3891
88 4000
88 4234
88 4379
88 4611
88 4848
88 4941
88 5317
88 5424
88 5599
89 3018
89 3178
89 3328
89 3480
89 3753
89 3802
89 4029
89 4242
89 4391
89 4741
89 4864
89 4958
89 5241
89 5461
89 5649
90 2941
90 3166
90 3295
90 3605
90 3743
90 3893
90 4115
90 4226
90 4393
90 4565
90 4809
90 5013
90 5245
90 5390
90 5584
91 2892
91 3218
91 3319
91 3582
91 3706
91 3818
91 4070
91 4261
91 4478
91 4653
91 4886
91 4946
91 5237
91 5473
91 5528
92 2883
92 3057
92 3279
92 3530
92 3625
92 3969
92 4045
92 4262
92 4438
92 4718
92 4838
92 5102
92 5265
92 5382
92 5532
93 2859
93 3105
93 3237
93 3553
93 3775
93 3887
93 4177
93 4309
93 4386
93 4636
93 4927
93 4982
93 5299
93 5378
93 5577
94 3035
94 3123
94 3247
94 3559
94 3663
94 3902
94 4141
94 4353
94 4420
94 4659
94 4928
94 5084
94 5292
94 5397
94 5512
95 2898
95 3133
95 3252
95 3466
95 3744
95 3870
95 4133
95 4206
95 4402
95 4670
95 4801
95 5048
95 5185
95 5474
95 5575
96 3039
96 3156
96 3359
96 3470
96 3648
96 3844
96 4127
96 4292
96 4411
96 4736
96 4791
96 4942
96 5178
96 5373
96 5563
97 2931
97 3078
97 3385
97 3600
97 3632
97 3835
97 4024
97 4266
97 4413
97 4642
97 4837
97 5000
97 5213
97 5497
97 5639
98 3025
98 3084
98 3302
98 3444
98 3696
98 3964
98 4074
98 4191
98 4487
98 4674
98 4818
98 5062
98 5141
98 5377
98 5545
99 2942
99 3169
99 3331
99 3599
99 3687
99 3860
99 4086
99 4258
99 4484
99 4595
99 4871
99 5112
99 5205
99 5441
99 5607
100 2873
100 3150
100 3327
100 3541
100 3682
100 3968
100 4051
100 4357
100 4405
100 4625
100 4883
100 5006
100 5187
100 5332
100 5667
101 2901
101 3215
101 3414
101 3439
101 3785
101 3834
101 4111
101 4281
101 4528
101 4621
101 4824
101 5126
101 5165
101 5485
101 5525
102 2904
102 3043
102 3400
102 3467
102 3713
102 3868
102 4011
102 4363
102 4466
102 4673
102 4764
102 5037
102 5212
102 5387
102 5517
103 2868
103 3216
103 3342
103 3560
103 3656
103 3934
103 4134
103 4200
103 4449
103 4680
103 4893
103 5027
103 5300
103 5344
103 5625
104 2966
104 3094
104 3235
104 3432
104 3654
104 3936
104 4147
104 4359
104 4428
104 4633
104 4895
104 4995
104 5164
104 5425
104 5684
105 2875
105 3101
105 3301
105 3510
105 3645
105 3817
105 4158
105 4285
105 4511
105 4742
105 4905
105 4944
105 5314
105 5362
105 5618
106 2856
106 3125
106 3332
106 3513
106 3676
106 3896
106 4109
106 4187
106 4399
106 4580
106 4814
106 5083
106 5259
106 5321
106 5688
107 2916
107 3139
107 3404
107 3442
107 3755
107 3861
107 4166
107 4304
107 4527
107 4684
107 4877
107 4961
107 5198
107 5467
107 5631
108 2992
108 3098
108 3336
108 3437
108 3717
108 3918
108 4063
108 4232
108 4542
108 4619
108 4845
108 4967
108 5312
108 5491
108 5632
109 2906
109 3063
109 3340
109 3539
109 3636
109 3981
109 4090
109 4229
109 4513
109 4623
109 4880
109 5094
109 5199
109 5329
109 5585
110 2919
110 3158
110 3307
110 3429
110 3765
110 3979
110 4060
110 4360
110 4532
110 4714
110 4888
110 5089
110 5244
110 5374
110 5689
111 2987
111 3053
111 3324
111 3448
111 3754
111 3840
111 4170
111 4313
111 4525
111 4729
111 4752
111 4999
111 5155
111 5402
111 5600
112 3017
112 3145
112 3325
112 3569
112 3780
112 3865
112 4008
112 4209
112 4539
112 4677
112 4850
112 4969
112 5132
112 5504
112 5587
113 2982
113 3199
113 3373
113 3603
113 3651
113 3856
113 4092
113 4354
113 4422
113 4660
113 4860
113 4950
113 5266
113 5372
113 5635
114 2956
114 3086
114 3266
114 3502
114 3742
114 3882
114 4101
114 4190
114 4418
114 4689
114 4894
114 4979
114 5161
114 5327
114 5665
115 2946
115 3079
115 3254
115 3561
115 3791
115 3929
115 4148
115 4192
115 4535
115 4605
115 4822
115 4953
115 5153
115 5459
115 5513
116 2963
116 3045
116 3406
116 3584
116 3623
116 3821
116 4154
116 4346
116 4433
116 4655
116 4847
116 5097
116 5218
116 5466
116 5622
117 2955
117 3196
117 3310
117 3458
117 3774
117 3967
117 4040
117 4305
117 4426
117 4640
117 4784
117 5042
117 5294
117 5456
117 5668
118 2899
118 3141
118 3418
118 3452
118 3694
118 3897
118 4156
118 4324
118 4382
118 4687
118 4836
118 5041
118 5278
118 5364
118 5579
119 3040
119 3096
119 3411
119 3532
119 3644
119 3909
119 3994
119 4241
119 4475
119 4717
119 4866
119 4970
119 5250
119 5335
119 5666
120 2854
120 3181
120 3389
120 3511
120 3699
120 3924
120 4049
120 4345
120 4407
120 4614
120 4803
120 5070
120 5255
120 5392
120 5547
121 2894
121 3068
121 3377
121 3580
121 3614
121 3858
121 4004
121 4214
121 4447
121 4587
121 4787
121 5056
121 5249
121 5484
121 5681
122 3000
122 3205
122 3239
122 3514
122 3759
122 3832
122 4081
122 4222
122 4397
122 4732
122 4917
122 4994
122 5313
122 5434
122 5566
123 3030
123 3214
123 3285
123 3500
123 3637
123 3976
123 4098
123 4293
123 4377
123 4582
123 4783
123 4963
123 5219
123 5330
123 5693
124 3016
124 3062
124 3270
124 3522
124 3678
124 3820
124 4149
124 4365
124 4454
124 4638
124 4852
124 5106
124 5283
124 5469
124 5542
125 2855
125 3060
125 3267
125 3465
125 3773
125 3953
125 4139
125 4233
125 4519
125 4710
125 4792
125 4948
125 5192
125 5339
125 5609
126 2972
126 3055
126 3356
126 3577
126 3761
126 3926
126 4050
126 4364
126 4547
126 4712
126 4873
126 5046
126 5288
126 5384
126 5565
127 2923
127 3189
127 3291
127 3588
127 3705
127 3829
127 4172
127 4350
127 4533
127 4672
127 4914
127 4990
127 5189
127 5391
127 5682
128 2988
128 3225
128 3416
128 3488
128 3769
128 3871
128 4057
128 4256
128 4387
128 4722
128 4934
128 5060
128 5234
128 5417
128 5606
129 2995
129 3207
129 3313
129 3576
129 3615
129 3911
129 4002
129 4210
129 4500
129 4706
129 4796
129 4992
129 5308
129 5449
129 5652
130 2877
130 3163
130 3293
130 3459
130 3787
130 3859
130 4128
130 4243
130 4546
130 4590
130 4762
130 5001
130 5145
130 5404
130 5560
131 2905
131 3124
131 3275
131 3528
131 3714
131 3963
131 4017
131 4317
131 4436
131 4649
131 4820
131 5098
131 5133
131 5457
131 5678
132 2967
132 3154
132 3412
132 3572
132 3688
132 3842
132 4032
132 4196
132 4461
132 4728
132 4765
132 5080
132 5202
132 5401
132 5657
133 2970
133 3223
133 3297
133 3574
133 3734
133 3910
133 4175
133 4198
133 4493
133 4584
133 4844
133 5063
133 5298
133 5439
133 5621
134 3005
134 3159
134 3255
134 3591
134 3691
134 3806
134 4162
134 4362
134 4481
134 4606
134 4889
134 4981
134 5142
134 5454
134 5593
135 3029
135 3183
135 3287
135 3422
135 3723
135 3826
135 4123
135 4203
135 4456
135 4709
135 4835
135 5002
135 5320
135 5361
135 5562
136 2981
136 3202
136 3268
136 3453
136 3757
136 3808
136 4076
136 4201
136 4506
136 4678
136 4876
136 5016
136 5163
136 5494
136 5580
137 2945
137 3151
137 3256
137 3570
137 3626
137 3960
137 4121
137 4290
137 4468
137 4626
137 4789
137 4947
137 5149
137 5403
137 5515
138 3012
138 3210
138 3395
138 3563
138 3719
138 3901
138 4168
138 4215
138 4499
138 4635
138 4802
138 5096
138 5305
138 5413
138 5637
139 2917
139 3073
139 3317
139 3468
139 3619
139 3813
139 4068
139 4271
139 4453
139 4613
139 4906
139 5051
139 5169
139 5490
139 5557
140 2853
140 3226
140 3334
140 3498
140 3686
140 3824
140 4161
140 4329
140 4427
140 4617
140 4933
140 4997
140 5203
140 5432
140 5670
141 2920
141 3228
141 3417
141 3457
141 3720
141 3989
141 4117
141 4342
141 4492
141 4708
141 4751
141 5034
141 5150
141 5435
141 5664
142 2907
142 3102
142 3231
142 3431
142 3685
142 3907
142 4165
142 4208
142 4482
142 4602
142 4768
142 4960
142 5223
142 5426
142 5541
143 2954
143 3174
143 3246
143 3534
143 3793
143 3904
143 4073
143 4319
143 4518
143 4738
143 4881
143 5039
143 5272
143 5379
143 5659
144 2951
144 3168
144 3305
144 3536
144 3695
144 3804
144 4053
144 4257
144 4394
144 4578
144 4842
144 5077
144 5264
144 5503
144 5558
145 2960
145 3142
145 3264
145 3438
145 3683
145 3956
145 4037
145 4289
145 4463
145 4698
145 4799
145 4971
145 5274
145 5349
145 5634
146 3007
146 3208
146 3353
146 3521
146 3789
146 3843
146 4059
146 4301
146 4464
146 4581
146 4800
146 4949
146 5284
146 5450
146 5610
147 2997
147 3197
147 3396
147 3601
147 3708
147 3933
147 3999
147 4306
147 4374
147 4585
147 4780
147 5066
147 5177
147 5489
147 5675
148 2933
148 3227
148 3410
148 3482
148 3662
148 3970
148 4031
148 4270
148 4451
148 4664
148 4862
148 5064
148 5302
148 5358
148 5527
149 3013
149 3113
149 3269
149 3461
149 3737
149 3812
149 4178
149 4193
149 4476
149 4731
149 4918
149 5055
149 5253
149 5471
149 5571
150 2930
150 3077
150 3294
150 3451
150 3631
150 3839
150 4026
150 4249
150 4544
150 4591
150 4870
150 4951
150 5148
150 5340
150 5530
151 2895
151 3167
151 3401
151 3515
151 3621
151 3838
151 4096
151 4246
151 4404
151 4622
151 4808
151 5117
151 5207
151 5363
151 5592
152 2863
152 3157
152 3248
152 3441
152 3740
152 3879
152 4058
152 4326
152 4444
152 4639
152 4897
152 5101
152 5193
152 5367
152 5604
153 2866
153 3064
153 3391
153 3426
153 3640
153 3988
153 4119
153 4318
153 4557
153 4641
153 4841
153 5123
153 5179
153 5462
153 5522
154 3031
154 3177
154 3343
154 3607
154 3707
154 3986
154 4153
154 4355
154 4378
154 4681
154 4935
154 4984
154 5304
154 5347
154 5539
155 2864
155 3083
155 3292
155 3447
155 3629
155 3941
155 4023
155 4338
155 4523
155 4665
155 4829
155 5004
155 5301
155 5423
155 5591
156 2861
156 3162
156 3257
156 3433
156 3768
156 3965
156 4100
156 4356
156 4473
156 4644
156 4899
156 4945
156 5175
156 5465
156 5630
157 2948
157 3126
157 3242
157 3526
157 3681
157 3889
157 4041
157 4223
157 4423
157 4737
157 4900
157 5104
157 5307
157 5479
157 5641
158 3027
158 3114
158 3262
158 3602
158 3712
158 3927
158 4120
158 4272
158 4551
158 4592
158 4911
158 4988
158 5276
158 5470
158 5638
159 2885
159 3152
159 3380
159 3551
159 3634
159 3867
159 4116
159 4323
159 4516
159 4601
159 4922
159 5129
159 5318
159 5502
159 5662
160 3036
160 3230
160 3420
160 3474
160 3638
160 3978
160 4122
160 4260
160 4554
160 4662
160 4931
160 5108
160 5279
160 5405
160 5581
161 3015
161 3047
161 3288
161 3538
161 3796
161 3984
161 4091
161 4253
161 4471
161 4630
161 4874
161 5127
161 5154
161 5412
161 5526
162 3022
162 3222
162 3274
162 3463
162 3726
162 3878
162 4135
162 4263
162 4408
162 4744
162 4856
162 5059
162 5156
162 5371
162 5636
163 2977
163 3195
163 3337
163 3460
163 3657
163 3915
163 4005
163 4332
163 4384
163 4704
163 4858
163 5008
163 5310
163 5463
163 5679
164 2934
164 3224
164 3394
164 3436
164 3766
164 3980
164 4038
164 4277
164 4498
164 4748
164 4794
164 5088
164 5309
164 5399
164 5608
165 2965
165 3201
165 3368
165 3476
165 3784
165 3932
165 4080
165 4312
165 4485
165 4596
165 4912
165 4978
165 5173
165 5499
165 5633
166 2914
166 3127
166 3261
166 3531
166 3675
166 3888
166 4167
166 4311
166 4524
166 4667
166 4785
166 5040
166 5171
166 5505
166 5548
167 2912
167 3220
167 3304
167 3483
167 3721
167 3973
167 4082
167 4314
167 4477
167 4637
167 4782
167 5079
167 5139
167 5464
167 5663
168 2938
168 3093
168 3378
168 3481
168 3680
168 3919
168 3991
168 4267
168 4371
168 4682
168 4834
168 4955
168 5248
168 5437
168 5570
169 2957
169 3070
169 3296
169 3427
169 3667
169 3890
169 4067
169 4238
169 4410
169 4569
169 4825
169 5030
169 5263
169 5365
169 5524
170 2975
170 3209
170 3286
170 3525
170 3763
170 3925
170 4180
170 4264
170 4501
170 4564
170 4849
170 4972
170 5152
170 5357
170 5598
171 2926
171 3092
171 3399
171 3557
171 3724
171 3913
171 4048
171 4322
171 4389
171 4656
171 4884
171 5130
171 5194
171 5430
171 5672
172 3010
172 3111
172 3236
172 3555
172 3672
172 3873
172 4132
172 4197
172 4421
172 4724
172 4781
172 4977
172 5151
172 5333
172 5677
173 2932
173 3104
173 3352
173 3595
173 3620
173 3850
173 4130
173 4320
173 4543
173 4629
173 4761
173 5072
173 5211
173 5414
173 5640
174 2896
174 3120
174 3338
174 3545
174 3704
174 3801
174 4020
174 4207
174 4443
174 4627
174 4772
174 5035
174 5287
174 5458
174 5536
175 3001
175 3041
175 3298
175 3537
175 3668
175 3958
175 4099
175 4225
175 4434
175 4612
175 4757
175 5128
175 5235
175 5440
175 5654
176 2990
176 3066
176 3249
176 3487
176 3732
176 3877
176 4118
176 4310
176 4496
176 4747
176 4758
176 5118
176 5251
176 5354
176 5651
177 2922
177 3122
177 3419
177 3496
177 3777
177 3906
177 4064
177 4295
177 4381
177 4615
177 4823
177 5011
177 5196
177 5446
177 5695
178 2993
178 3132
178 3355
178 3568
178 3666
178 3955
178 4173
178 4366
178 4536
178 4683
178 4913
178 5110
178 5246
178 5510
178 5595
179 2867
179 3091
179 3284
179 3571
179 3653
179 3928
179 4097
179 4181
179 4431
179 4647
179 4833
179 4991
179 5160
179 5427
179 5594
180 2969
180 3076
180 3346
180 3472
180 3618
180 3874
180 4047
180 4296
180 4489
180 4668
180 4921
180 4956
180 5197
180 5487
180 5699
181 2928
181 3072
181 3243
181 3535
181 3798
181 3811
181 4104
181 4235
181 4483
181 4577
181 4925
181 5014
181 5271
181 5444
181 5692
182 3033
182 3103
182 3308
182 3608
182 3790
182 3872
182 4003
182 4205
182 4517
182 4699
182 4754
182 5090
182 5159
182 5386
182 5602
183 2862
183 3184
183 3376
183 3491
183 3738
183 3961
183 4114
183 4237
183 4474
183 4572
183 4867
183 5024
183 5138
183 5448
183 5656
184 2900
184 3065
184 3232
184 3489
184 3630
184 3866
184 4157
184 4247
184 4497
184 4746
184 4923
184 5113
184 5224
184 5366
184 5629
185 2978
185 3155
185 3387
185 3449
185 3752
185 3845
185 4061
185 4254
185 4552
185 4725
185 4819
185 5075
185 5209
185 5468
185 5573
186 3032
186 3146
186 3276
186 3543
186 3692
186 3833
186 4176
186 4204
186 4448
186 4600
186 4759
186 4973
186 5296
186 5370
186 5624
187 2925
187 3115
187 3271
187 3475
187 3718
187 3837
187 3997
187 4228
187 4383
187 4654
187 4806
187 5067
187 5285
187 5348
187 5686
188 2865
188 3160
188 3245
188 3610
188 3669
188 3815
188 4042
188 4199
188 4429
188 4676
188 4907
188 4962
188 5204
188 5334
188 5561
189 2889
189 3046
189 3341
189 3508
189 3649
189 3847
189 4112
189 4321
189 4403
189 4721
189 4939
189 5114
189 5167
189 5478
189 5674
190 2884
190 3221
190 3350
190 3430
190 3741
190 3869
190 4054
190 4343
190 4455
190 4574
190 4875
190 5003
190 5268
190 5393
190 5567
