0 0 
117 117 
15 15 
1 111
1 177
1 297
1 424
1 580
1 615
1 716
1 834
1 995
1 1149
1 1285
1 1355
1 1419
1 1564
1 1672
2 85
2 150
2 256
2 358
2 522
2 610
2 709
2 831
2 1052
2 1161
2 1222
2 1388
2 1457
2 1606
2 1701
3 116
3 130
3 267
3 353
3 495
3 687
3 770
3 837
3 1051
3 1124
3 1252
3 1305
3 1433
3 1557
3 1641
4 6
4 204
4 322
4 457
4 529
4 639
4 735
4 827
4 971
4 1091
4 1239
4 1387
4 1518
4 1581
4 1721
5 56
5 137
5 279
5 373
5 469
5 684
5 801
5 855
5 990
5 1054
5 1193
5 1325
5 1500
5 1593
5 1698
6 103
6 178
6 314
6 466
6 537
6 664
6 785
6 877
6 1021
6 1121
6 1254
6 1364
6 1505
6 1600
6 1752
7 69
7 229
7 336
7 430
7 549
7 686
7 733
7 824
7 1017
7 1062
7 1198
7 1360
7 1456
7 1604
7 1734
8 88
8 233
8 337
8 403
8 516
8 623
8 786
8 839
8 945
8 1169
8 1202
8 1299
8 1449
8 1554
8 1679
9 47
9 135
9 349
9 467
9 477
9 666
9 778
9 889
9 1025
9 1088
9 1205
9 1301
9 1502
9 1573
9 1696
10 73
10 134
10 277
10 422
10 535
10 667
10 811
10 858
10 975
10 1079
10 1201
10 1289
10 1413
10 1574
10 1671
11 113
11 129
11 263
11 460
11 533
11 611
11 758
11 882
11 1007
11 1056
11 1286
11 1290
11 1430
11 1613
11 1674
12 42
12 123
12 291
12 461
12 492
12 658
12 714
12 886
12 1009
12 1155
12 1250
12 1336
12 1497
12 1569
12 1673
13 98
13 155
13 239
13 381
13 513
13 649
13 738
13 860
13 1030
13 1151
13 1225
13 1390
13 1432
13 1556
13 1664
14 90
14 216
14 255
14 400
14 526
14 646
14 728
14 936
14 972
14 1104
14 1270
14 1318
14 1440
14 1636
14 1659
15 70
15 218
15 275
15 356
15 515
15 650
15 772
15 846
15 944
15 1136
15 1176
15 1362
15 1416
15 1626
15 1715
16 46
16 202
16 343
16 357
16 585
16 587
16 711
16 862
16 1015
16 1109
16 1179
16 1309
16 1418
16 1527
16 1709
17 86
17 158
17 307
17 415
17 576
17 656
17 747
17 899
17 957
17 1129
17 1199
17 1398
17 1426
17 1534
17 1713
18 21
18 173
18 321
18 450
18 481
18 613
18 790
18 910
18 1016
18 1097
18 1268
18 1294
18 1504
18 1543
18 1710
19 49
19 199
19 274
19 440
19 478
19 681
19 757
19 843
19 969
19 1125
19 1206
19 1342
19 1470
19 1530
19 1724
20 107
20 230
20 348
20 453
20 579
20 614
20 720
20 892
20 1043
20 1144
20 1220
20 1384
20 1520
20 1599
20 1688
21 89
21 224
21 260
21 388
21 566
21 600
21 729
21 912
21 1003
21 1150
21 1261
21 1395
21 1445
21 1523
21 1680
22 109
22 166
22 289
22 404
22 552
22 631
22 723
22 911
22 955
22 1103
22 1275
22 1333
22 1453
22 1544
22 1743
23 54
23 126
23 306
23 446
23 501
23 648
23 712
23 853
23 938
23 1134
23 1212
23 1372
23 1458
23 1539
23 1692
24 22
24 124
24 326
24 428
24 474
24 678
24 779
24 916
24 1049
24 1142
24 1280
24 1352
24 1420
24 1637
24 1738
25 99
25 198
25 237
25 387
25 536
25 617
25 795
25 866
25 996
25 1119
25 1204
25 1380
25 1516
25 1524
25 1755
26 43
26 121
26 305
26 421
26 483
26 694
26 806
26 875
26 967
26 1153
26 1259
26 1368
26 1411
26 1614
26 1750
27 48
27 183
27 308
27 399
27 556
27 602
27 796
27 848
27 1011
27 1071
27 1209
27 1386
27 1498
27 1541
27 1735
28 28
28 194
28 247
28 370
28 473
28 601
28 755
28 914
28 1037
28 1111
28 1219
28 1321
28 1519
28 1540
28 1725
29 1
29 231
29 240
29 456
29 479
29 637
29 773
29 845
29 980
29 1082
29 1184
29 1374
29 1434
29 1631
29 1658
30 63
30 211
30 298
30 441
30 571
30 699
30 753
30 872
30 948
30 1141
30 1211
30 1307
30 1484
30 1546
30 1719
31 24
31 203
31 253
31 427
31 505
31 592
31 780
31 826
31 1014
31 1140
31 1185
31 1334
31 1468
31 1526
31 1733
32 25
32 201
32 268
32 371
32 542
32 605
32 746
32 890
32 1041
32 1152
32 1221
32 1323
32 1444
32 1561
32 1642
33 76
33 219
33 266
33 375
33 498
33 680
33 759
33 923
33 989
33 1067
33 1214
33 1392
33 1438
33 1630
33 1639
34 27
34 140
34 342
34 465
34 486
34 593
34 719
34 925
34 958
34 1064
34 1274
34 1319
34 1471
34 1615
34 1643
35 87
35 188
35 339
35 420
35 534
35 660
35 793
35 879
35 956
35 1074
35 1196
35 1346
35 1495
35 1602
35 1694
36 62
36 161
36 292
36 454
36 538
36 588
36 775
36 891
36 968
36 1159
36 1258
36 1345
36 1452
36 1533
36 1744
37 9
37 152
37 284
37 458
37 550
37 591
37 763
37 842
37 1034
37 1102
37 1210
37 1326
37 1439
37 1618
37 1669
38 67
38 119
38 302
38 394
38 523
38 604
38 708
38 921
38 962
38 1061
38 1208
38 1379
38 1515
38 1619
38 1703
39 18
39 136
39 236
39 361
39 503
39 701
39 807
39 906
39 937
39 1139
39 1267
39 1295
39 1465
39 1628
39 1665
40 3
40 131
40 323
40 366
40 485
40 663
40 740
40 932
40 1036
40 1168
40 1263
40 1393
40 1406
40 1531
40 1736
41 94
41 164
41 283
41 444
41 488
41 596
41 809
41 924
41 1023
41 1069
41 1283
41 1316
41 1476
41 1547
41 1682
42 102
42 210
42 350
42 377
42 476
42 640
42 704
42 844
42 974
42 1066
42 1177
42 1376
42 1469
42 1575
42 1652
43 78
43 145
43 261
43 407
43 475
43 690
43 730
43 897
43 976
43 1137
43 1235
43 1317
43 1521
43 1559
43 1717
44 65
44 165
44 332
44 445
44 494
44 685
44 767
44 918
44 1033
44 1077
44 1249
44 1312
44 1421
44 1550
44 1708
45 5
45 189
45 246
45 463
45 514
45 597
45 815
45 838
45 1024
45 1107
45 1189
45 1348
45 1423
45 1586
45 1668
46 11
46 159
46 313
46 435
46 500
46 632
46 736
46 856
46 992
46 1133
46 1191
46 1331
46 1517
46 1588
46 1656
47 101
47 169
47 242
47 396
47 565
47 626
47 744
47 859
47 997
47 1164
47 1171
47 1311
47 1428
47 1545
47 1649
48 20
48 190
48 310
48 389
48 490
48 691
48 707
48 871
48 1046
48 1113
48 1256
48 1314
48 1501
48 1570
48 1666
49 96
49 174
49 338
49 432
49 546
49 630
49 760
49 870
49 940
49 1105
49 1215
49 1371
49 1474
49 1578
49 1653
50 100
50 156
50 333
50 368
50 553
50 638
50 791
50 850
50 1002
50 1090
50 1272
50 1401
50 1466
50 1553
50 1684
51 31
51 205
51 335
51 401
51 531
51 624
51 741
51 865
51 998
51 1170
51 1180
51 1375
51 1462
51 1577
51 1660
52 60
52 195
52 294
52 395
52 472
52 689
52 776
52 884
52 1010
52 1128
52 1207
52 1400
52 1448
52 1579
52 1727
53 44
53 148
53 287
53 442
53 487
53 621
53 745
53 828
53 1039
53 1120
53 1278
53 1391
53 1507
53 1590
53 1731
54 29
54 172
54 309
54 386
54 572
54 697
54 717
54 874
54 951
54 1060
54 1174
54 1322
54 1417
54 1612
54 1686
55 41
55 167
55 293
55 425
55 517
55 622
55 794
55 934
55 1006
55 1147
55 1172
55 1397
55 1511
55 1552
55 1697
56 61
56 141
56 248
56 393
56 569
56 654
56 771
56 878
56 1028
56 1087
56 1255
56 1338
56 1513
56 1627
56 1640
57 71
57 180
57 281
57 436
57 497
57 598
57 792
57 907
57 1031
57 1084
57 1287
57 1344
57 1467
57 1563
57 1753
58 114
58 222
58 329
58 363
58 509
58 609
58 734
58 833
58 1008
58 1073
58 1238
58 1306
58 1431
58 1601
58 1663
59 72
59 142
59 319
59 419
59 582
59 628
59 788
59 930
59 1029
59 1106
59 1266
59 1370
59 1441
59 1611
59 1646
60 55
60 147
60 299
60 452
60 568
60 643
60 814
60 836
60 1045
60 1072
60 1190
60 1369
60 1464
60 1585
60 1754
61 81
61 185
61 346
61 418
61 561
61 645
61 783
61 823
61 985
61 1138
61 1265
61 1288
61 1487
61 1596
61 1726
62 33
62 146
62 312
62 413
62 562
62 644
62 749
62 867
62 943
62 1114
62 1230
62 1340
62 1481
62 1622
62 1681
63 59
63 187
63 318
63 378
63 519
63 594
63 705
63 873
63 1053
63 1160
63 1197
63 1357
63 1422
63 1624
63 1720
64 64
64 132
64 317
64 433
64 544
64 695
64 748
64 935
64 966
64 1110
64 1240
64 1300
64 1437
64 1603
64 1667
65 115
65 122
65 285
65 462
65 539
65 665
65 754
65 904
65 977
65 1096
65 1188
65 1313
65 1450
65 1583
65 1700
66 57
66 200
66 258
66 369
66 470
66 612
66 718
66 887
66 991
66 1076
66 1284
66 1378
66 1514
66 1620
66 1647
67 36
67 171
67 341
67 429
67 482
67 661
67 784
67 847
67 1022
67 1081
67 1262
67 1298
67 1415
67 1625
67 1683
68 91
68 120
68 254
68 364
68 508
68 590
68 703
68 896
68 1004
68 1098
68 1203
68 1373
68 1447
68 1560
68 1740
69 53
69 217
69 257
69 354
69 555
69 669
69 761
69 931
69 941
69 1092
69 1226
69 1366
69 1429
69 1595
69 1737
70 97
70 191
70 316
70 437
70 510
70 652
70 805
70 857
70 1042
70 1115
70 1281
70 1363
70 1510
70 1568
70 1648
71 34
71 226
71 301
71 405
71 567
71 607
71 725
71 832
71 1044
71 1162
71 1175
71 1353
71 1494
71 1609
71 1707
72 75
72 118
72 304
72 464
72 540
72 672
72 751
72 920
72 947
72 1065
72 1244
72 1341
72 1446
72 1633
72 1645
73 104
73 179
73 264
73 390
73 554
73 627
73 799
73 825
73 1027
73 1057
73 1187
73 1324
73 1436
73 1555
73 1748
74 12
74 225
74 328
74 431
74 480
74 595
74 766
74 893
74 954
74 1099
74 1195
74 1343
74 1480
74 1542
74 1732
75 84
75 153
75 300
75 438
75 559
75 673
75 756
75 864
75 984
75 1163
75 1232
75 1335
75 1509
75 1616
75 1655
76 95
76 234
76 273
76 416
76 543
76 651
76 764
76 915
76 1038
76 1143
76 1181
76 1303
76 1410
76 1537
76 1706
77 19
77 149
77 249
77 365
77 547
77 642
77 713
77 927
77 979
77 1132
77 1248
77 1402
77 1503
77 1558
77 1739
78 110
78 175
78 265
78 468
78 574
78 606
78 808
78 863
78 1035
78 1063
78 1173
78 1347
78 1442
78 1549
78 1675
79 80
79 157
79 271
79 449
79 518
79 668
79 750
79 933
79 988
79 1108
79 1213
79 1396
79 1493
79 1538
79 1716
80 38
80 181
80 334
80 447
80 506
80 702
80 798
80 861
80 1001
80 1116
80 1192
80 1361
80 1460
80 1566
80 1712
81 37
81 207
81 288
81 391
81 583
81 671
81 817
81 881
81 973
81 1068
81 1273
81 1389
81 1492
81 1551
81 1657
82 39
82 182
82 311
82 379
82 575
82 633
82 769
82 928
82 1040
82 1112
82 1216
82 1403
82 1408
82 1623
82 1714
83 2
83 162
83 278
83 367
83 578
83 647
83 812
83 929
83 965
83 1154
83 1253
83 1354
83 1488
83 1536
83 1690
84 13
84 196
84 272
84 410
84 484
84 618
84 777
84 913
84 953
84 1123
84 1241
84 1383
84 1473
84 1635
84 1650
85 77
85 215
85 269
85 409
85 545
85 692
85 762
85 898
85 983
85 1070
85 1236
85 1381
85 1472
85 1562
85 1678
86 17
86 144
86 347
86 380
86 528
86 629
86 797
86 852
86 963
86 1158
86 1194
86 1365
86 1490
86 1525
86 1676
87 52
87 151
87 244
87 448
87 564
87 586
87 715
87 908
87 1012
87 1078
87 1264
87 1382
87 1455
87 1565
87 1745
88 66
88 206
88 252
88 397
88 520
88 659
88 819
88 894
88 986
88 1167
88 1233
88 1310
88 1479
88 1587
88 1741
89 82
89 138
89 235
89 359
89 496
89 698
89 743
89 829
89 1019
89 1093
89 1279
89 1304
89 1485
89 1529
89 1704
90 45
90 228
90 290
90 384
90 577
90 619
90 802
90 926
90 1020
90 1135
90 1231
90 1332
90 1463
90 1584
90 1677
91 26
91 232
91 280
91 406
91 573
91 653
91 706
91 854
91 993
91 1101
91 1223
91 1330
91 1451
91 1632
91 1691
92 74
92 227
92 330
92 382
92 527
92 589
92 731
92 868
92 987
92 1157
92 1282
92 1293
92 1482
92 1567
92 1751
93 10
93 214
93 327
93 439
93 502
93 674
93 726
93 869
93 939
93 1059
93 1218
93 1291
93 1478
93 1548
93 1687
94 32
94 220
94 320
94 459
94 581
94 625
94 732
94 888
94 949
94 1127
94 1271
94 1349
94 1414
94 1597
94 1651
95 68
95 213
95 340
95 402
95 548
95 662
95 774
95 840
95 994
95 1148
95 1178
95 1399
95 1435
95 1582
95 1695
96 105
96 154
96 295
96 355
96 471
96 688
96 722
96 901
96 959
96 1055
96 1260
96 1394
96 1407
96 1571
96 1742
97 50
97 223
97 241
97 360
97 489
97 635
97 813
97 849
97 960
97 1094
97 1183
97 1296
97 1454
97 1522
97 1722
98 108
98 163
98 331
98 443
98 584
98 641
98 782
98 876
98 1018
98 1118
98 1234
98 1328
98 1461
98 1610
98 1661
99 92
99 197
99 344
99 426
99 511
99 683
99 765
99 883
99 1013
99 1166
99 1237
99 1292
99 1425
99 1589
99 1730
100 4
100 184
100 303
100 412
100 532
100 675
100 787
100 835
100 1047
100 1131
100 1246
100 1350
100 1489
100 1629
100 1644
101 112
101 193
101 276
101 398
101 512
101 696
101 789
101 821
101 1032
101 1058
101 1200
101 1297
101 1475
101 1572
101 1685
102 16
102 127
102 243
102 352
102 551
102 670
102 800
102 922
102 946
102 1075
102 1277
102 1404
102 1424
102 1535
102 1729
103 40
103 176
103 325
103 423
103 570
103 655
103 739
103 820
103 1050
103 1146
103 1228
103 1358
103 1496
103 1608
103 1693
104 7
104 168
104 245
104 408
104 507
104 620
104 742
104 895
104 1005
104 1145
104 1251
104 1329
104 1491
104 1591
104 1723
105 117
105 133
105 251
105 376
105 563
105 599
105 752
105 841
105 1026
105 1083
105 1269
105 1351
105 1512
105 1638
105 1699
106 30
106 212
106 262
106 372
106 521
106 634
106 781
106 917
106 942
106 1095
106 1227
106 1367
106 1483
106 1528
106 1662
107 8
107 143
107 282
107 385
107 558
107 636
107 710
107 900
107 964
107 1100
107 1276
107 1377
107 1443
107 1594
107 1705
108 15
108 125
108 351
108 411
108 560
108 603
108 804
108 880
108 1000
108 1165
108 1182
108 1339
108 1486
108 1532
108 1689
109 83
109 192
109 324
109 455
109 504
109 677
109 727
109 885
109 970
109 1122
109 1242
109 1327
109 1506
109 1598
109 1728
110 79
110 160
110 345
110 362
110 491
110 693
110 818
110 902
110 961
110 1080
110 1245
110 1315
110 1412
110 1580
110 1718
111 35
111 128
111 259
111 392
111 541
111 657
111 803
111 903
111 1048
111 1126
111 1224
111 1302
111 1427
111 1605
111 1654
112 93
112 221
112 286
112 451
112 499
112 616
112 768
112 830
112 982
112 1156
112 1229
112 1359
112 1508
112 1634
112 1749
113 14
113 139
113 270
113 374
113 524
113 679
113 816
113 822
113 952
113 1089
113 1217
113 1320
113 1409
113 1621
113 1747
114 23
114 170
114 238
114 434
114 530
114 682
114 724
114 851
114 999
114 1086
114 1186
114 1385
114 1499
114 1576
114 1702
115 51
115 186
115 315
115 414
115 493
115 676
115 721
115 909
115 978
115 1117
115 1243
115 1356
115 1477
115 1592
115 1711
116 106
116 208
116 296
116 417
116 525
116 608
116 737
116 919
116 950
116 1130
116 1247
116 1308
116 1459
116 1617
116 1670
117 58
117 209
117 250
117 383
117 557
117 700
117 810
117 905
117 981
117 1085
117 1257
117 1337
117 1405
117 1607
117 1746
1 1854
1 1951
1 2012
1 2164
1 2241
1 2346
1 2572
1 2576
1 2765
1 2889
1 2942
1 3107
1 3223
1 3326
1 3457
2 1821
2 1977
2 2043
2 2181
2 2315
2 2395
2 2531
2 2598
2 2701
2 2828
2 3039
2 3125
2 3217
2 3331
2 3494
3 1796
3 1876
3 2050
3 2133
3 2231
3 2356
3 2546
3 2674
3 2796
3 2817
3 2968
3 3156
3 3178
3 3344
3 3428
4 1837
4 1900
4 2052
4 2157
4 2317
4 2424
4 2532
4 2582
4 2807
4 2901
4 2977
4 3126
4 3205
4 3297
4 3480
5 1775
5 1973
5 2070
5 2116
5 2245
5 2345
5 2506
5 2659
5 2740
5 2864
5 3042
5 3090
5 3182
5 3302
5 3396
6 1855
6 1896
6 2078
6 2174
6 2240
6 2355
6 2514
6 2624
6 2730
6 2916
6 2943
6 3098
6 3184
6 3345
6 3452
7 1860
7 1986
7 2086
7 2111
7 2282
7 2398
7 2490
7 2608
7 2703
7 2885
7 2982
7 3143
7 3213
7 3279
7 3412
8 1822
8 1880
8 2024
8 2113
8 2330
8 2442
8 2469
8 2583
8 2787
8 2915
8 2955
8 3115
8 3207
8 3368
8 3498
9 1763
9 1899
9 2091
9 2166
9 2274
9 2370
9 2529
9 2621
9 2795
9 2908
9 2932
9 3134
9 3247
9 3282
9 3451
10 1814
10 1892
10 2101
10 2153
10 2263
10 2421
10 2505
10 2654
10 2697
10 2895
10 3026
10 3068
10 3276
10 3360
10 3478
11 1805
11 1906
11 2016
11 2199
11 2320
11 2354
11 2515
11 2676
11 2734
11 2867
11 2934
11 3138
11 3203
11 3352
11 3441
12 1867
12 1939
12 1994
12 2219
12 2281
12 2455
12 2512
12 2635
12 2715
12 2831
12 2930
12 3056
12 3261
12 3286
12 3461
13 1816
13 1890
13 2083
13 2205
13 2335
13 2362
13 2511
13 2626
13 2746
13 2919
13 2959
13 3102
13 3214
13 3293
13 3499
14 1800
14 1942
14 2010
14 2218
14 2295
14 2365
14 2464
14 2642
14 2791
14 2842
14 2997
14 3127
14 3259
14 3377
14 3436
15 1780
15 1884
15 2029
15 2184
15 2242
15 2437
15 2475
15 2691
15 2700
15 2902
15 2991
15 3075
15 3215
15 3323
15 3420
16 1866
16 1921
16 2011
16 2122
16 2256
16 2376
16 2519
16 2596
16 2741
16 2893
16 2985
16 3116
16 3216
16 3363
16 3429
17 1851
17 1905
17 2093
17 2129
17 2324
17 2360
17 2560
17 2647
17 2769
17 2865
17 3014
17 3084
17 3266
17 3291
17 3454
18 1845
18 1947
18 2069
18 2156
18 2326
18 2363
18 2485
18 2600
18 2750
18 2859
18 3024
18 3086
18 3225
18 3353
18 3449
19 1776
19 1970
19 2040
19 2143
19 2323
19 2353
19 2472
19 2687
19 2755
19 2875
19 2954
19 3079
19 3240
19 3285
19 3476
20 1792
20 1887
20 2026
20 2212
20 2340
20 2391
20 2477
20 2636
20 2751
20 2903
20 2986
20 3129
20 3244
20 3379
20 3503
21 1797
21 1985
21 2007
21 2198
21 2303
21 2402
21 2522
21 2580
21 2707
21 2821
21 2940
21 3093
21 3181
21 3306
21 3483
22 1838
22 1936
22 2006
22 2124
22 2299
22 2400
22 2467
22 2673
22 2754
22 2837
22 2999
22 3047
22 3175
22 3354
22 3489
23 1862
23 1974
23 2076
23 2109
23 2237
23 2422
23 2568
23 2594
23 2804
23 2878
23 2970
23 3150
23 3227
23 3317
23 3473
24 1836
24 1981
24 2054
24 2117
24 2229
24 2371
24 2520
24 2579
24 2710
24 2860
24 2967
24 3151
24 3174
24 3375
24 3408
25 1823
25 1914
25 2095
25 2130
25 2267
25 2372
25 2553
25 2645
25 2768
25 2891
25 2948
25 3046
25 3194
25 3321
25 3509
26 1808
26 1989
26 2039
26 2163
26 2248
26 2451
26 2487
26 2592
26 2739
26 2835
26 2933
26 3152
26 3172
26 3346
26 3447
27 1759
27 1894
27 2106
27 2151
27 2333
27 2418
27 2459
27 2601
27 2698
27 2853
27 3009
27 3124
27 3246
27 3356
27 3463
28 1757
28 1925
28 2074
28 2186
28 2273
28 2389
28 2493
28 2652
28 2793
28 2868
28 3038
28 3148
28 3201
28 3358
28 3486
29 1790
29 1889
29 2023
29 2146
29 2327
29 2457
29 2523
29 2575
29 2719
29 2823
29 3040
29 3065
29 3179
29 3388
29 3414
30 1804
30 1967
30 2077
30 2185
30 2235
30 2440
30 2460
30 2646
30 2766
30 2900
30 3034
30 3085
30 3211
30 3300
30 3409
31 1831
31 1982
31 2058
31 2165
31 2230
31 2403
31 2497
31 2609
31 2805
31 2854
31 2964
31 3096
31 3264
31 3367
31 3491
32 1842
32 1968
32 2092
32 2128
32 2329
32 2445
32 2480
32 2603
32 2800
32 2845
32 2963
32 3109
32 3238
32 3366
32 3496
33 1830
33 1927
33 2005
33 2168
33 2262
33 2415
33 2483
33 2649
33 2714
33 2869
33 2950
33 3140
33 3198
33 3311
33 3502
34 1760
34 1888
34 2036
34 2120
34 2254
34 2401
34 2570
34 2618
34 2808
34 2858
34 2978
34 3099
34 3167
34 3303
34 3415
35 1773
35 1909
35 2042
35 2191
35 2234
35 2344
35 2537
35 2613
35 2785
35 2827
35 2988
35 3069
35 3231
35 3318
35 3406
36 1758
36 1926
36 2089
36 2176
36 2322
36 2359
36 2542
36 2619
36 2778
36 2877
36 3001
36 3060
36 3189
36 3280
36 3405
37 1764
37 1886
37 2087
37 2118
37 2271
37 2410
37 2473
37 2663
37 2731
37 2918
37 2937
37 3055
37 3218
37 3386
37 3430
38 1828
38 1903
38 2088
38 2222
38 2244
38 2448
38 2541
38 2682
38 2713
38 2870
38 2996
38 3049
38 3235
38 3324
38 3500
39 1829
39 1912
39 2021
39 2193
39 2247
39 2413
39 2524
39 2625
39 2767
39 2917
39 2926
39 3082
39 3212
39 3277
39 3401
40 1761
40 1877
40 1992
40 2179
40 2300
40 2347
40 2573
40 2683
40 2704
40 2846
40 2929
40 3067
40 3248
40 3298
40 3400
41 1840
41 1966
41 2098
41 2155
41 2337
41 2447
41 2501
41 2638
41 2694
41 2879
41 3002
41 3064
41 3249
41 3325
41 3422
42 1843
42 1908
42 2085
42 2160
42 2308
42 2406
42 2482
42 2584
42 2759
42 2826
42 2961
42 3089
42 3162
42 3327
42 3448
43 1788
43 1937
43 2046
43 2136
43 2232
43 2423
43 2496
43 2577
43 2733
43 2815
43 3019
43 3078
43 3185
43 3278
43 3435
44 1861
44 1922
44 1997
44 2147
44 2253
44 2454
44 2471
44 2656
44 2782
44 2862
44 2941
44 3146
44 3255
44 3289
44 3438
45 1819
45 1897
45 2014
45 2210
45 2287
45 2386
45 2551
45 2666
45 2735
45 2887
45 2979
45 3044
45 3250
45 3322
45 3468
46 1765
46 1945
46 2009
46 2154
46 2261
46 2409
46 2569
46 2664
46 2802
46 2924
46 3037
46 3117
46 3233
46 3316
46 3407
47 1781
47 1935
47 2045
47 2127
47 2296
47 2434
47 2491
47 2677
47 2711
47 2830
47 2981
47 3121
47 3188
47 3372
47 3398
48 1756
48 1953
48 2001
48 2209
48 2328
48 2399
48 2489
48 2639
48 2781
48 2848
48 2931
48 3139
48 3206
48 3381
48 3445
49 1815
49 1965
49 2047
49 2187
49 2265
49 2368
49 2478
49 2667
49 2756
49 2852
49 2992
49 3054
49 3254
49 3290
49 3470
50 1786
50 1878
50 2035
50 2206
50 2338
50 2443
50 2555
50 2640
50 2744
50 2810
50 3025
50 3062
50 3165
50 3283
50 3437
51 1806
51 1952
51 2037
51 2158
51 2312
51 2427
51 2509
51 2648
51 2749
51 2811
51 3005
51 3157
51 3200
51 3347
51 3450
52 1844
52 1873
52 2019
52 2125
52 2290
52 2379
52 2507
52 2607
52 2742
52 2906
52 3033
52 3149
52 3228
52 3355
52 3507
53 1825
53 1949
53 2015
53 2126
53 2277
53 2378
53 2530
53 2650
53 2801
53 2851
53 3030
53 3154
53 3224
53 3350
53 3404
54 1827
54 1943
54 1996
54 2132
54 2269
54 2431
54 2550
54 2585
54 2705
54 2844
54 2989
54 3073
54 3209
54 3332
54 3418
55 1834
55 1988
55 2004
55 2169
55 2304
55 2453
55 2526
55 2628
55 2803
55 2920
55 3015
55 3111
55 3272
55 3343
55 3402
56 1778
56 1923
56 1995
56 2108
56 2249
56 2439
56 2552
56 2641
56 2775
56 2863
56 2951
56 3092
56 3210
56 3284
56 3456
57 1835
57 1976
57 2034
57 2138
57 2309
57 2426
57 2562
57 2675
57 2728
57 2820
57 2928
57 3123
57 3257
57 3382
57 3444
58 1795
58 1883
58 1998
58 2211
58 2233
58 2441
58 2474
58 2581
58 2724
58 2873
58 2958
58 3114
58 3168
58 3328
58 3440
59 1869
59 1964
59 2028
59 2216
59 2286
59 2350
59 2518
59 2644
59 2738
59 2818
59 3027
59 3113
59 3190
59 3364
59 3493
60 1807
60 1940
60 2000
60 2110
60 2275
60 2361
60 2458
60 2669
60 2726
60 2866
60 2938
60 3070
60 3242
60 3339
60 3487
61 1798
61 1987
61 2038
61 2195
61 2314
61 2375
61 2534
61 2586
61 2789
61 2886
61 3023
61 3122
61 3183
61 3384
61 3427
62 1864
62 1882
62 2041
62 2217
62 2266
62 2367
62 2548
62 2615
62 2736
62 2836
62 3011
62 3076
62 3169
62 3319
62 3485
63 1833
63 1955
63 2080
63 2221
63 2279
63 2384
63 2535
63 2605
63 2717
63 2898
63 3004
63 3095
63 3239
63 3357
63 3394
64 1770
64 1924
64 2055
64 2183
64 2313
64 2348
64 2481
64 2610
64 2722
64 2881
64 3017
64 3071
64 3270
64 3336
64 3497
65 1846
65 1957
65 2097
65 2177
65 2318
65 2373
65 2465
65 2651
65 2783
65 2819
65 2995
65 3141
65 3202
65 3330
65 3423
66 1826
66 1929
66 2018
66 2112
66 2302
66 2342
66 2504
66 2593
66 2762
66 2888
66 2957
66 3155
66 3260
66 3351
66 3465
67 1785
67 1898
67 2063
67 2213
67 2284
67 2444
67 2463
67 2678
67 2758
67 2874
67 2990
67 3158
67 3267
67 3287
67 3453
68 1782
68 1963
68 2008
68 2131
68 2258
68 2381
68 2479
68 2653
68 2757
68 2857
68 2983
68 3097
68 3232
68 3307
68 3413
69 1818
69 1920
69 2081
69 2180
69 2225
69 2352
69 2533
69 2604
69 2712
69 2894
69 2972
69 3094
69 3245
69 3365
69 3424
70 1794
70 1916
70 2103
70 2114
70 2291
70 2364
70 2494
70 2595
70 2695
70 2822
70 2987
70 3080
70 3176
70 3380
70 3421
71 1787
71 1895
71 2027
71 2223
71 2336
71 2380
71 2508
71 2662
71 2737
71 2907
71 2994
71 3119
71 3204
71 3334
71 3410
72 1777
72 1958
72 2044
72 2162
72 2272
72 2438
72 2559
72 2602
72 2727
72 2812
72 3006
72 3087
72 3171
72 3335
72 3466
73 1850
73 1907
73 2067
73 2134
73 2293
73 2416
73 2470
73 2690
73 2772
73 2834
73 2969
73 3142
73 3222
73 3281
73 3474
74 1793
74 1969
74 2048
74 2142
74 2239
74 2452
74 2513
74 2591
74 2743
74 2849
74 2976
74 3100
74 3265
74 3349
74 3417
75 1810
75 1938
75 2062
75 2175
75 2264
75 2396
75 2566
75 2655
75 2780
75 2921
75 2984
75 3108
75 3229
75 3392
75 3442
76 1766
76 1983
76 2022
76 2194
76 2270
76 2369
76 2499
76 2614
76 2761
76 2892
76 2971
76 3104
76 3191
76 3370
76 3469
77 1847
77 1932
77 2060
77 2203
77 2246
77 2435
77 2528
77 2631
77 2763
77 2855
77 3035
77 3081
77 3252
77 3390
77 3455
78 1839
78 1928
78 2100
78 2115
78 2294
78 2374
78 2488
78 2661
78 2799
78 2843
78 3020
78 3088
78 3160
78 3337
78 3495
79 1856
79 1919
79 1999
79 2172
79 2259
79 2377
79 2516
79 2660
79 2786
79 2914
79 3031
79 3137
79 3163
79 3301
79 3479
80 1813
80 1959
80 2071
80 2161
80 2306
80 2387
80 2517
80 2627
80 2771
80 2910
80 2962
80 3058
80 3161
80 3340
80 3508
81 1852
81 1891
81 2102
81 2192
81 2257
81 2446
81 2462
81 2620
81 2774
81 2884
81 3041
81 3130
81 3199
81 3315
81 3432
82 1772
82 1902
82 2003
82 2150
82 2332
82 2405
82 2536
82 2679
82 2745
82 2904
82 2944
82 3106
82 3221
82 3296
82 3395
83 1859
83 1893
83 2075
83 2207
83 2331
83 2385
83 2564
83 2623
83 2753
83 2922
83 2956
83 3057
83 3273
83 3312
83 3472
84 1811
84 1881
84 2094
84 2178
84 2280
84 2349
84 2461
84 2637
84 2760
84 2871
84 2946
84 3128
84 3192
84 3304
84 3431
85 1863
85 1954
85 2056
85 2144
85 2310
85 2433
85 2544
85 2590
85 2790
85 2896
85 3022
85 3061
85 3173
85 3310
85 3434
86 1841
86 1978
86 2079
86 2171
86 2292
86 2397
86 2567
86 2688
86 2773
86 2913
86 2973
86 3101
86 3234
86 3369
86 3501
87 1871
87 1904
87 2090
87 2182
87 2297
87 2417
87 2525
87 2634
87 2702
87 2838
87 3029
87 3118
87 3180
87 3305
87 3433
88 1799
88 1910
88 2030
88 2214
88 2288
88 2390
88 2557
88 2630
88 2776
88 2897
88 3012
88 3120
88 3262
88 3383
88 3471
89 1774
89 1972
89 2049
89 2215
89 2224
89 2341
89 2561
89 2589
89 2718
89 2816
89 2975
89 3063
89 3208
89 3376
89 3484
90 1857
90 1879
90 2061
90 2148
90 2276
90 2388
90 2521
90 2611
90 2806
90 2839
90 2993
90 3048
90 3219
90 3348
90 3467
91 1853
91 1934
91 2025
91 2107
91 2255
91 2408
91 2558
91 2671
91 2794
91 2829
91 2936
91 3045
91 3187
91 3313
91 3399
92 1858
92 1885
92 2051
92 2208
92 2285
92 2432
92 2540
92 2685
92 2693
92 2912
92 3016
92 3050
92 3197
92 3389
92 3416
93 1762
93 1911
93 2053
93 2119
93 2283
93 2394
93 2466
93 2633
93 2692
93 2872
93 2949
93 3052
93 3237
93 3373
93 3475
94 1803
94 1915
94 1990
94 2121
94 2289
94 2412
94 2500
94 2588
94 2770
94 2856
94 2998
94 3159
94 3164
94 3288
94 3504
95 1771
95 1901
95 2104
95 2173
95 2228
95 2429
95 2502
95 2612
95 2720
95 2899
95 2927
95 3072
95 3258
95 3314
95 3481
96 1784
96 1948
96 2020
96 2201
96 2316
96 2383
96 2503
96 2622
96 2752
96 2841
96 2980
96 3043
96 3220
96 3309
96 3425
97 1865
97 1971
97 1993
97 2202
97 2238
97 2456
97 2468
97 2578
97 2747
97 2925
97 2965
97 3136
97 3243
97 3299
97 3411
98 1868
98 1962
98 2084
98 2167
98 2252
98 2351
98 2498
98 2686
98 2716
98 2861
98 2953
98 3110
98 3271
98 3374
98 3397
99 1779
99 1979
99 2072
99 2196
99 2307
99 2428
99 2539
99 2597
99 2723
99 2923
99 3018
99 3051
99 3251
99 3333
99 3403
100 1769
100 1960
100 2068
100 2220
100 2319
100 2392
100 2545
100 2606
100 2788
100 2824
100 3021
100 3131
100 3268
100 3292
100 3426
101 1817
101 1930
101 2105
101 2204
101 2325
101 2366
101 2549
101 2658
101 2797
101 2911
101 3003
101 3145
101 3166
101 3393
101 3458
102 1824
102 1950
102 2082
102 2200
102 2251
102 2407
102 2484
102 2617
102 2725
102 2890
102 2960
102 3132
102 3186
102 3320
102 3510
103 1820
103 1874
103 2017
103 2139
103 2250
103 2357
103 2554
103 2587
103 2784
103 2832
103 2966
103 3103
103 3275
103 3361
103 3459
104 1849
104 1975
104 2057
104 2159
104 2301
104 2414
104 2486
104 2632
104 2732
104 2850
104 2935
104 3147
104 3196
104 3385
104 3506
105 1872
105 1980
105 2096
105 2145
105 2243
105 2420
105 2476
105 2681
105 2748
105 2847
105 3028
105 3135
105 3230
105 3391
105 3505
106 1789
106 1933
106 2013
106 2123
106 2278
106 2343
106 2495
106 2670
106 2779
106 2905
106 3032
106 3074
106 3177
106 3342
106 3460
107 1783
107 1961
107 2002
107 2197
107 2227
107 2358
107 2563
107 2672
107 2729
107 2813
107 3008
107 3059
107 3195
107 3295
107 3443
108 1832
108 1913
108 2031
108 2170
108 2334
108 2382
108 2571
108 2680
108 2798
108 2840
108 3007
108 3077
108 3274
108 3329
108 3488
109 1812
109 1956
109 2099
109 2137
109 2311
109 2436
109 2510
109 2668
109 2706
109 2909
109 3036
109 3133
109 3256
109 3371
109 3419
110 1767
110 1918
110 2066
110 2141
110 2339
110 2393
110 2538
110 2665
110 2709
110 2825
110 3000
110 3144
110 3170
110 3308
110 3462
111 1870
111 1984
111 2032
111 2140
111 2305
111 2425
111 2574
111 2643
111 2699
111 2814
111 3010
111 3091
111 3236
111 3378
111 3492
112 1768
112 1917
112 2065
112 2188
112 2236
112 2449
112 2492
112 2657
112 2721
112 2883
112 2939
112 3105
112 3226
112 3294
112 3446
113 1791
113 1946
113 2033
113 2190
113 2268
113 2450
113 2565
113 2689
113 2764
113 2809
113 2947
113 3083
113 3269
113 3362
113 3464
114 1802
114 1931
114 2059
114 2135
114 2260
114 2430
114 2547
114 2684
114 2777
114 2882
114 2974
114 3066
114 3241
114 3359
114 3439
115 1848
115 1941
115 2073
115 2189
115 2298
115 2411
115 2527
115 2629
115 2696
115 2833
115 2945
115 3153
115 3253
115 3338
115 3482
116 1809
116 1875
116 1991
116 2149
116 2226
116 2404
116 2556
116 2616
116 2792
116 2876
116 3013
116 3112
116 3193
116 3387
116 3477
117 1801
117 1944
117 2064
117 2152
117 2321
117 2419
117 2543
117 2599
117 2708
117 2880
117 2952
117 3053
117 3263
117 3341
117 3490
